Neighbor list info ...
  update every 1 steps, delay 10 steps, check yes
  max neighbors/atom: 2000, page size: 100000
  master list distance cutoff = 8
  ghost atom cutoff = 8
  binsize = 4, bins = 4 4 4
  1 neighbor lists, perpetual/occasional/extra = 1 0 0
  (1) pair deepmd, perpetual
      attributes: , newton on
      pair build: full/bin/atomonly
      stencil: full/bin/3d
      bin: standard
WARNING: Proc sub-domain size < neighbor skin, could lead to lost atoms (src/domain.cpp:963)
Per MPI rank memory allocation (min/avg/max) = 4.263 | 4.265 | 4.267 Mbytes
Step        CPU                Time   Temp         Press        Volume       Density      TotEng
       0            0            0    5134.0502    4688153.3    2461.6031    6.9602277   -552653.46 
     100     2.023484          0.1    5147.3637    4699951.2    2462.3026    6.9582505   -552653.52 
     200    4.0488899          0.2    5104.9449    4700312.2    2463.4798    6.9549255    -552648.8 
     300    6.1379979          0.3    5159.6192    4702211.2    2463.5888    6.9546178   -552629.26 
     400    8.1621869          0.4      5144.03      4695146    2464.4596    6.9521605   -552626.92 
     500    10.188195          0.5     4930.623    4697886.8    2465.1745    6.9501442   -552655.95 
     600    12.195213          0.6    4879.8387    4706510.8    2461.9158    6.9593437    -552663.7 
     700    14.204708          0.7    4829.9589    4700110.7    2460.9747     6.962005   -552661.94 
     800    16.231812          0.8    5026.7666    4707940.9    2465.5315     6.949138   -552667.55 
     900    18.243348          0.9    4996.8251    4669085.2    2463.6323    6.9544949   -552638.42 
    1000     20.26927            1    5207.6453    4745346.8    2453.0821    6.9844048   -552585.15 
    1100    22.280432          1.1    5283.7118    4703795.5    2464.7133    6.9514449   -552629.55 
    1200    24.284935          1.2    4851.6377    4612655.5     2477.234      6.91631   -552687.12 
    1300    26.311958          1.3    5010.9742    4707631.5    2464.0819     6.953226   -552662.84 
    1400    28.320922          1.4    5050.0001    4768217.6    2458.9029    6.9678712   -552658.87 
    1500    30.345988          1.5    4794.7972    4634453.6    2478.1369    6.9137901   -552727.59 
    1600    32.344633          1.6    4917.9791    4677245.6    2471.4979    6.9323622   -552710.15 
    1700    34.350403          1.7    4875.5466    4823592.7    2451.1894    6.9897979   -552629.58 
    1800    36.433732          1.8    4853.7263    4677972.5    2458.4472    6.9691626    -552620.3 
    1900    38.443988          1.9    5299.9998    4711596.1    2464.9117    6.9508854   -552629.25 
    2000    40.470847            2    4954.9795    4692485.9    2455.3591    6.9779276   -552593.89 
    2100    42.490005          2.1    5039.0247      4752296    2445.9345    7.0048149   -552572.13 
    2200    44.507055          2.2     4889.456    4661010.5    2459.3053    6.9667309   -552634.87 
    2300    46.538641          2.3    4975.7031    4650913.1    2459.6364    6.9657932   -552647.22 
    2400    48.555353          2.4    5022.0308    4751824.9    2443.1784    7.0127168   -552583.26 
    2500    50.589326          2.5    5175.3718    4738372.4    2445.0221    7.0074289   -552558.72 
    2600    52.605298          2.6    5210.6314    4616130.2     2466.294    6.9469894   -552621.03 
    2700    54.618682          2.7     5071.599    4685770.2    2455.1537    6.9785114    -552589.6 
    2800    56.661302          2.8    5018.4673      4788521    2436.5773    7.0317155   -552549.73 
    2900    58.683386          2.9    4862.3384      4766248    2451.7739    6.9881316   -552620.91 
    3000    60.703254            3    4805.4858    4591715.6    2487.6547    6.8873377    -552746.6 
    3100    62.699412          3.1    4955.3906    4629174.2    2479.7011    6.9094288   -552733.25 
    3200    64.706888          3.2    4695.1667    4795981.1    2445.3475    7.0064964    -552637.6 
    3300    66.767743          3.3    5096.3692    4718912.1    2466.4144    6.9466502   -552692.58 
    3400    68.764209          3.4    5068.5023    4547394.6    2494.2312    6.8691781   -552765.86 
    3500    70.779015          3.5    5194.2461    4716153.1    2462.1722     6.958619   -552662.91 
    3600    72.802128          3.6    5008.2719    4821677.4    2427.5151    7.0579656   -552526.77 
    3700    74.844728          3.7    4949.5262      4721562    2445.3603    7.0064597   -552561.61 
    3800    76.859385          3.8    4987.8464      4563372    2472.9928    6.9281715   -552633.45 
    3900     78.87933          3.9    5151.5089    4740401.8    2446.5111    7.0031639   -552551.18 
    4000    80.917195            4    4903.1203    4796129.7    2436.5641    7.0317537   -552527.39 
    4100    82.937751          4.1    4829.0657    4648902.8    2461.7001    6.9599537   -552633.85 
    4200    84.968589          4.2    4845.0139    4620634.2    2458.9646    6.9676961   -552625.94 
    4300    86.990081          4.3     4881.901    4757503.5     2438.374    7.0265342   -552543.45 
    4400    89.011819          4.4    4871.0671    4722477.5    2449.1915    6.9954998   -552556.28 
    4500     91.02549          4.5    4994.6396    4645750.8    2462.5204    6.9576352   -552598.49 
    4600    93.021771          4.6    4921.8918    4707951.5      2450.35    6.9921924   -552566.74 
    4700    95.163923          4.7    4941.1961    4757341.6     2440.176    7.0213453   -552549.45 
    4800    97.265443          4.8    4906.6181    4710931.4    2453.3824    6.9835498   -552608.11 
    4900     99.32372          4.9    4958.0098    4675402.5     2478.527    6.9127018   -552715.65 
    5000    101.45938            5     4943.452    4607031.6    2481.9141    6.9032681   -552740.84 
    5100    103.59147          5.1    4766.1188    4801087.5     2454.808    6.9794943   -552667.65 
    5200    105.74001          5.2     4968.671    4741017.8      2464.22    6.9528364   -552699.63 
    5300    107.87601          5.3    4791.8566    4607386.9    2484.6139     6.895767   -552760.05 
    5400     110.0184          5.4    4846.0856    4741309.3    2464.8405    6.9510861   -552687.93 
    5500    112.15702          5.5    5285.7355    4809092.8    2453.6305    6.9828437    -552631.2 
    5600    114.29621          5.6    5436.3524    4711551.9    2470.6479    6.9347472   -552673.01 
    5700    116.43836          5.7     5071.128    4654406.2    2475.9928     6.919777   -552697.47 
    5800    118.57044          5.8    4934.6509    4758712.5    2462.3083    6.9582345    -552688.8 
    5900    120.72154          5.9     4862.683    4689331.3    2469.0988    6.9390979   -552724.67 
    6000    122.84948            6    4790.8378    4654284.1     2478.499    6.9127799   -552745.31 
    6100    125.00243          6.1    5112.0104    4706854.2    2468.1204    6.9418486   -552699.18 
    6200    127.23689          6.2    4949.8029    4716021.8    2462.4497     6.957835   -552666.77 
    6300    129.37456          6.3    5080.6925    4666480.1    2466.5295    6.9463261   -552664.65 
    6400    131.53435          6.4    5008.2362    4711427.9    2455.6211    6.9771833   -552612.87 
    6500    133.68596          6.5    4907.5638    4759624.8    2447.0082    7.0017412   -552576.22 
    6600     135.8564          6.6    4935.7907    4664333.9    2462.9135    6.9565246   -552627.08 
    6700    137.99636          6.7     4997.547    4666063.5    2464.2002    6.9528923   -552638.07 
    6800     140.1562          6.8    4899.6757      4704567    2447.4912    7.0003596   -552595.15 
    6900    142.21458          6.9    4993.5955    4742885.9    2434.2658    7.0383927   -552533.48 
    7000    144.22186            7    5115.3499    4709383.5    2446.1572    7.0041771   -552542.79 
    7100    146.25427          7.1    5059.8551    4628132.2    2459.6772    6.9656775   -552577.81 
    7200    148.26978          7.2    5007.5354    4727997.9    2442.7764    7.0138708   -552528.49 
    7300    150.25894          7.3    4891.8423    4765519.2    2436.0218    7.0333189   -552534.94 
    7400    152.23188          7.4    5073.4396    4693576.4    2467.3167    6.9441098   -552660.06 
    7500    154.33282          7.5    5029.8237    4588419.3    2489.2206    6.8830053   -552735.22 
    7600    156.65189          7.6     4922.635    4719585.5    2464.8958      6.95093   -552684.86 
    7700    158.93867          7.7     5182.358      4819909    2460.0965    6.9644904    -552679.7 
    7800    161.23377          7.8    5133.7106    4574602.1     2490.031     6.880765   -552778.21 
    7900    163.50443          7.9    4861.7555    4682673.6     2477.572    6.9153665   -552745.75 
    8000    165.79971            8    4806.4922    4812977.8     2455.265     6.978195    -552680.1 
    8100    168.07937          8.1    4985.5184    4669488.5    2478.0687    6.9139804   -552729.63 
    8200    170.36907          8.2    5349.3434    4621241.7    2486.9708    6.8892317    -552731.6 
    8300    172.65885          8.3    4974.5406    4732567.4    2451.4974    6.9889198   -552617.72 
    8400    174.97865          8.4    5005.3583    4759128.3    2432.9957    7.0420668   -552532.73 
    8500    177.21055          8.5    4833.8256    4656119.3     2449.865    6.9935765   -552560.36 
    8600    179.26283          8.6     5019.211      4670593    2451.2366    6.9896634   -552558.43 
    8700    181.27749          8.7    5220.2219    4763836.9    2437.3016    7.0296259   -552509.63 
    8800    183.31713          8.8    5128.9932    4696379.9    2445.8116    7.0051669   -552526.55 
    8900    185.38343          8.9    5441.6322    4699835.1    2453.9964    6.9818027   -552579.71 
    9000     187.5156            9     5001.026    4677085.2    2456.6355    6.9743023   -552617.77 
    9100    189.58673          9.1    4656.9464    4689814.8    2457.6083    6.9715414   -552631.84 
    9200    191.66833          9.2    5096.2349    4703527.9    2456.6497    6.9742618   -552633.56 
    9300    193.73664          9.3    5178.9148    4697971.2    2457.2185    6.9726474   -552628.27 
    9400    195.81652          9.4    5069.6747    4662547.2    2462.0308    6.9590186   -552619.06 
    9500    197.88484          9.5     4789.085    4604420.2    2459.9598    6.9648773   -552592.47 
    9600    199.97955          9.6     5118.186    4748670.4    2433.6691    7.0401183   -552495.09 
    9700    202.05618          9.7    5108.9067    4828129.9    2434.1136    7.0388327   -552468.92 
    9800     203.9448          9.8    5057.9239    4544213.1    2466.0065    6.9477992   -552576.54 
    9900    205.94302          9.9    4834.9961    4669888.1    2446.3973    7.0034897   -552550.96 
   10000    207.97297           10    4848.5931    4860860.9    2417.3503    7.0876439   -552471.49 
   10100    210.07883         10.1    4896.5733    4666145.1    2447.1184     7.001426   -552551.18 
   10200    212.14645         10.2    5416.5358    4644064.4    2462.5605    6.9575219   -552581.44 
   10300    214.21948         10.3    5267.9301    4732546.1    2440.0019    7.0218464   -552498.36 
   10400    216.28815         10.4    5045.5501    4789034.1     2434.192    7.0386061   -552499.16 
   10500    218.28302         10.5    4935.0004    4626687.2    2452.3848    6.9863908   -552559.49 
   10600    220.32872         10.6    4985.6837    4644793.9    2449.4505      6.99476   -552550.35 
   10700    222.42409         10.7    5165.5748    4764753.9    2443.1026    7.0129344   -552543.77 
   10800    224.57466         10.8    5500.4393    4661615.6    2467.8868    6.9425057   -552647.12 
   10900    226.73383         10.9    4956.3512    4608797.6    2476.1731    6.9192734   -552688.67 
   11000    228.88436           11     5028.707    4741850.3    2452.6792    6.9855521   -552630.57 
   11100    231.02162         11.1    4907.0868    4791287.5     2450.791    6.9909341   -552633.08 
   11200    233.08619         11.2    4998.5796    4657971.6    2471.6987    6.9317988      -552700 
   11300    235.16221         11.3    5017.7643    4668899.3    2474.7961    6.9231232   -552724.43 
   11400     237.2137         11.4    4807.7467    4749727.6    2471.0556    6.9336031   -552731.74 
   11500     239.2663         11.5    4931.5893    4670201.2    2476.4072    6.9186192   -552758.36 
   11600    241.33225         11.6    5035.2575      4692846    2473.4008    6.9270288   -552745.06 
   11700    243.38382         11.7    5136.4238    4733035.6    2469.6352    6.9375909   -552713.45 
   11800    245.46058         11.8    5112.7663    4719812.2    2478.8448    6.9118157   -552719.69 
   11900    247.57947         11.9    5042.1685    4652300.4     2483.379    6.8991959    -552744.4 
   12000    249.62973           12    5007.9198      4726713    2473.3364    6.9272091   -552726.87 
   12100    251.68943         12.1    4990.1861    4705330.8    2471.8079    6.9314927   -552734.25 
   12200    253.73783         12.2     4896.756    4657927.2    2478.7739    6.9120133    -552759.7 
   12300    255.80552         12.3    4691.4641    4712055.2    2474.8002    6.9231118   -552747.51 
   12400    257.85911         12.4    4935.7422    4719567.9    2472.1425    6.9305544   -552709.54 
   12500    259.92717         12.5    5399.2128    4692339.1    2481.7456    6.9037369   -552722.73 
   12600    261.98005         12.6    4807.5833    4635168.2    2472.1729    6.9304693   -552713.69 
   12700    264.03611         12.7    4941.3592    4803273.1    2461.1645    6.9614681   -552698.24 
   12800    266.09461         12.8    4796.6159    4618839.7      2485.76    6.8925876   -552786.65 
   12900    268.13825         12.9    4922.7188    4650129.7     2481.551    6.9042782   -552772.85 
   13000    270.20078           13    5106.6222    4795152.1    2460.4154    6.9635877   -552694.07 
   13100    272.24938         13.1     4816.902    4671803.2    2481.1786    6.9053144   -552751.92 
   13200    274.29391         13.2    5090.8146    4597541.1    2494.7709    6.8676921   -552779.04 
   13300    276.37757         13.3    5070.3174    4782255.5    2467.5922    6.9433345   -552693.83 
   13400    278.42929         13.4    4963.4403    4764312.3    2468.0284    6.9421074   -552717.05 
   13500    280.49053         13.5    4880.0772    4578480.3    2492.6039    6.8736627   -552804.38 
   13600    282.53409         13.6    5051.3084    4704850.3    2473.3199    6.9272552   -552748.39 
   13700    284.58334         13.7     4942.631      4841692    2457.3432    6.9722937   -552690.41 
   13800    286.64788         13.8    5025.6461    4580625.1    2493.6065    6.8708989   -552774.43 
   13900    288.69182         13.9    4866.2615    4484268.7    2488.1301    6.8860219   -552738.86 
   14000    290.78116           14    4890.6634    4984438.8    2410.6847    7.1072416   -552488.35 
   14100    292.86282         14.1    5019.8592    4794541.8    2442.6161    7.0143312    -552581.7 
   14200    294.93754         14.2    4884.3152    4396098.5    2508.5302    6.8300227   -552763.88 
   14300    296.99243         14.3    5332.2095    4749672.1    2453.9096    6.9820495   -552585.53 
   14400    299.05535         14.4     5151.931    4898100.8    2410.4733    7.1078649   -552419.44 
   14500    301.06294         14.5    5119.2151    4675929.9    2447.6122    7.0000135   -552517.64 
   14600    302.99009         14.6    5206.3581    4532136.1    2468.0304    6.9421018   -552589.77 
   14700    305.03829         14.7     4778.531    4759435.9    2429.6576     7.051742   -552503.18 
   14800    307.05217         14.8     4948.062    4827872.2    2421.7069    7.0748934   -552493.27 
   14900    308.99755         14.9    5050.8097    4631058.6    2468.2969    6.9413524   -552634.94 
   15000    311.08743           15    5109.1658      4568624    2477.6745    6.9150804   -552663.07 
   15100    313.11315         15.1    4820.6523    4815333.9    2435.3327     7.035309   -552545.86 
   15200    315.10271         15.2    4783.0694    4782582.2    2429.6658    7.0517182   -552535.45 
   15300    317.06401         15.3    5144.4418    4649446.4    2466.2668     6.947066   -552639.63 
   15400    319.06145         15.4    5462.1533    4603030.5    2475.0042    6.9225411   -552642.12 
   15500    321.07367         15.5    4933.2258    4723878.8    2436.3416    7.0323958   -552494.97 
   15600    323.11428         15.6    5473.9733    4814922.5    2419.2434    7.0820979   -552423.78 
   15700    325.12284         15.7    5254.8084    4611966.1    2458.0618    6.9702552   -552519.87 
   15800    327.09506         15.8     5398.124    4586330.2    2464.2889    6.9526419   -552530.05 
   15900    329.08967         15.9     5138.836    4793055.7    2434.6179    7.0373745   -552483.96 
   16000     331.1953           16    5064.3748    4770166.8    2444.4536    7.0090585   -552543.56 
   16100    333.30477         16.1    5221.3769    4572296.5    2479.8359    6.9090532   -552678.49 
   16200    335.33152         16.2    5061.8073    4673033.3    2464.3375    6.9525049   -552652.35 
   16300    337.37831         16.3    4993.7275    4797833.9     2440.485    7.0204564    -552592.8 
   16400    339.40042         16.4    4735.6674    4719483.6     2457.518    6.9717978   -552642.33 
   16500    341.42588         16.5    4982.7446    4590003.1    2471.6933     6.931814   -552653.45 
   16600      343.494         16.6    4861.2749    4711592.4     2445.604    7.0057614   -552550.73 
   16700    345.49547         16.7    4898.5556    4786577.1    2424.6565    7.0662867   -552463.57 
   16800    347.45458         16.8    5113.4462    4712875.4    2438.9583    7.0248509   -552490.87 
   16900    349.45943         16.9    4907.1377    4612633.3    2455.8949    6.9764054   -552529.37 
   17000    351.52126           17    4997.1041    4726131.8    2444.9178    7.0077276   -552525.09 
   17100    353.61684         17.1      4828.89    4702269.2    2432.2889    7.0441132   -552504.18 
   17200    355.76748         17.2    4969.6444    4753820.4     2434.619    7.0373716   -552514.88 
   17300     357.8762         17.3    5019.1465    4650200.2    2455.5968    6.9772523   -552564.37 
   17400    359.91896         17.4     5051.969    4648371.8    2458.7399     6.968333   -552569.91 
   17500    361.98712         17.5    5323.4986    4775576.2    2449.8835    6.9935237   -552581.49 
   17600    364.06888         17.6    4919.9219    4695840.6    2454.7436    6.9796773   -552612.93 
   17700    366.17099         17.7    4974.4527    4643765.1    2464.3802    6.9523845   -552649.35 
   17800    368.19647         17.8    4932.3958    4687776.2    2460.9995     6.961935   -552648.89 
   17900    370.22461         17.9    4767.4104    4721772.7    2458.9242    6.9678106   -552659.94 
   18000    372.23456           18    5046.1788    4778726.8    2467.5346    6.9434968   -552699.39 
   18100    374.23122         18.1    4848.6153      4647438     2485.204    6.8941296   -552771.38 
   18200    376.29963         18.2     4857.871    4686823.2    2481.6983    6.9038683   -552768.08 
   18300    378.40423         18.3    4788.2971      4772652    2463.3782    6.9552123   -552718.92 
   18400    380.52663         18.4    4973.0287    4697710.5    2474.4307    6.9241455   -552745.39 
   18500    382.63016         18.5     5207.721    4646547.7    2482.6138    6.9013226    -552753.7 
   18600    384.74644         18.6     4874.018    4757154.3    2451.6269    6.9885505   -552638.23 
   18700    386.88954         18.7     5215.962    4823495.7    2442.5895    7.0144077   -552595.36 
   18800    389.01121         18.8    4988.5265    4649036.1    2473.4422    6.9269127   -552670.01 
   18900    391.14079         18.9    5125.9567    4647024.5    2476.5952    6.9180939   -552671.95 
   19000     393.2591           19    4791.5222    4727321.7    2444.3168    7.0094507   -552583.71 
   19100    395.40895         19.1     5074.081    4818078.6    2428.4653    7.0552041    -552542.2 
   19200    397.62761         19.2    4935.8488    4637660.6    2457.5321    6.9717577   -552602.15 
   19300    399.76351         19.3    4901.3292    4603785.4    2467.2022    6.9444322   -552609.91 
   19400     401.9132         19.4    5016.7286    4721456.1    2431.6519    7.0459586   -552479.73 
   19500    404.06206         19.5    5119.7276    4824096.8    2417.9835    7.0857881   -552423.72 
   19600    406.04085         19.6    5177.5066    4624581.4     2453.004    6.9846271   -552517.38 
   19700    408.00734         19.7    5141.3888    4675227.3    2454.2292    6.9811402   -552489.57 
   19800    410.08303         19.8    5232.4311    4796592.7    2429.6118    7.0518748   -552434.08 
   19900    412.11534         19.9    5108.0224    4704637.2    2435.3338    7.0353061   -552481.78 
   20000    414.10009           20    5050.9738      4649807    2446.3199    7.0037113   -552531.88 
   20100     416.0598         20.1    4874.1615      4716731    2435.0231    7.0362037   -552493.64 
   20200    418.01109         20.2    5233.5309    4722544.4      2429.18    7.0531284   -552465.78 
   20300    419.98821         20.3     5465.676    4723603.7    2445.5917    7.0057967   -552509.64 
   20400    422.11702         20.4    5217.0669    4666144.7    2460.3855    6.9636723   -552552.47 
   20500    424.13726         20.5    5383.9331    4719939.5    2450.8504    6.9907648   -552563.69 
   20600    426.22048         20.6    5160.5617    4742874.4    2446.7719    7.0024175   -552568.63 
   20700    428.28231         20.7    5258.3038    4717551.4     2460.251    6.9640531   -552623.44 
   20800    430.35622         20.8     4953.739    4635891.2    2474.5782    6.9237328   -552690.01 
   20900    432.40856         20.9    5047.5956    4700520.9    2465.4436    6.9493857   -552677.24 
   21000    434.46687           21    5014.7843    4785929.7    2452.0309     6.987399   -552640.37 
   21100    436.53277         21.1    5332.8265    4740018.1     2466.141    6.9474205   -552674.68 
   21200    438.57667         21.2    4831.4473    4596562.2    2480.4261    6.9074093    -552703.5 
   21300    440.59026         21.3    4695.1903    4672538.7    2460.6544    6.9629113   -552624.27 
   21400    442.64693         21.4    5070.4162    4736771.8      2442.15    7.0156699   -552554.67 
   21500    444.86785         21.5    4901.8632    4672071.1     2445.055    7.0073345   -552538.18 
   21600    446.89356         21.6    5059.5219    4711611.1    2439.9124    7.0221039   -552477.08 
   21700    448.84083         21.7    5107.4861    4749689.5    2432.3753    7.0438631   -552455.83 
   21800    450.90684         21.8     4846.954    4678255.8    2441.6392    7.0171377   -552501.93 
   21900    452.83167         21.9    4925.2663    4658519.4    2440.0735    7.0216404   -552508.88 
   22000    454.76945           22    5086.1981    4760569.7    2428.6116    7.0547792   -552481.42 
   22100    456.82263         22.1    5282.4309    4665034.9    2447.9826    6.9989544   -552516.98 
   22200    458.83838         22.2    5119.6612    4576434.3    2460.6693    6.9628692    -552525.5 
   22300    460.89215         22.3    5016.0986    4740497.2    2432.3824    7.0438424    -552454.9 
   22400    462.84523         22.4    5205.8821      4817373    2426.7351    7.0602342   -552475.82 
   22500    464.90724         22.5    4996.9524      4606305    2468.4831    6.9408287    -552620.7 
   22600    467.04995         22.6    5033.4288      4596620     2470.033    6.9364735   -552639.51 
   22700    469.25607         22.7    5115.0773    4876985.2    2428.8989    7.0539445   -552527.83 
   22800     471.2902         22.8    4857.6768    4759466.5    2438.0486     7.027472   -552556.89 
   22900    473.27116         22.9    5464.2051    4665830.9    2474.3867    6.9242688   -552650.91 
   23000    475.25058           23    5380.0588    4599425.3    2484.2612    6.8967458   -552693.48 
   23100    477.22254         23.1     5173.815    4756346.5    2455.8374    6.9765688   -552641.38 
   23200    479.19423         23.2     5050.977    4752757.1    2459.8563    6.9651706   -552670.17 
   23300    481.16564         23.3    5447.3073    4637843.3    2490.1351    6.8804775   -552765.09 
   23400      483.117         23.4    5433.8414    4605275.6     2489.139    6.8832309    -552780.9 
   23500    485.09772         23.5    4873.8799    4762419.1    2464.8592    6.9510333   -552731.45 
   23600    487.15448         23.6     4946.443    4721238.7    2474.1007    6.9250692   -552764.31 
   23700    489.10757         23.7    4819.6031    4629418.6    2486.6928     6.890002   -552805.17 
   23800    491.07191         23.8    4914.8968    4744451.3    2471.8083    6.9314916   -552747.57 
   23900    493.02882         23.9    5100.6246    4756763.3    2474.3845    6.9242749   -552734.48 
   24000    494.99394           24    5165.4189    4636318.2    2490.9427    6.8782468   -552782.73 
   24100    496.94444         24.1    4904.7954      4692762     2478.333    6.9132431   -552769.65 
   24200     498.9027         24.2    4991.1769    4772186.1    2464.8752    6.9509881   -552741.35 
   24300    500.87125         24.3    4903.8279    4673046.6    2481.0649     6.905631   -552786.49 
   24400    502.82335         24.4    5214.0457    4639766.2    2484.2434    6.8967954   -552781.74 
   24500    504.77659         24.5      5271.09    4764354.3    2469.5191     6.937917   -552728.22 
   24600    506.74352         24.6    5131.2473    4727711.1    2475.3313    6.9216264   -552744.26 
   24700     508.6959         24.7     4897.199    4640827.9    2488.1894    6.8858579   -552784.35 
   24800    510.66217         24.8    5214.1546    4708980.6    2477.1152    6.9166418   -552766.71 
   24900    512.61804         24.9    4872.4797    4750669.2    2467.0476    6.9448673   -552753.24 
   25000    514.57179           25    4932.4885    4679129.9    2479.4539    6.9101178   -552782.77 
   25100    516.59618         25.1    5174.1483    4651025.5    2483.0993    6.8999731    -552772.9 
   25200    518.58018         25.2    4997.0905      4689500    2473.3244    6.9272427   -552741.48 
   25300    520.58488         25.3    4989.7741    4738562.5    2467.1502    6.9445786   -552712.93 
   25400    522.57632         25.4    4651.5271    4658062.2    2469.9962    6.9365768   -552713.14 
   25500    524.57257         25.5    4995.6459    4737221.8    2458.6074    6.9687086   -552663.12 
   25600    526.58831         25.6     5007.727    4716900.3    2457.1247    6.9729135   -552647.62 
   25700    528.58671         25.7    4925.9186    4668660.1    2470.2477    6.9358706   -552672.61 
   25800    530.60262         25.8    5165.5644    4693219.7    2465.9668    6.9479111   -552647.38 
   25900    532.60346         25.9    4939.0186    4670408.2    2453.1678    6.9841608   -552587.47 
   26000    534.62051           26    5209.2051    4754519.3     2442.981    7.0132836   -552523.93 
   26100    536.65166         26.1    5227.4953    4724612.2    2449.9828    6.9932402   -552541.27 
   26200    538.66031         26.2    5546.6387    4730016.2    2464.0009    6.9534546   -552604.49 
   26300     540.6785         26.3    5632.7232    4681809.8    2473.7968    6.9259198   -552661.75 
   26400    542.67734         26.4    5097.4236    4688329.8    2466.8896    6.9453122   -552661.85 
   26500    544.67758         26.5    4987.6301    4750998.8     2457.048    6.9731314   -552651.88 
   26600    546.71244         26.6    4971.9539      4664086    2468.5332    6.9406878    -552697.3 
   26700    548.70645         26.7     5000.606    4663510.5    2472.8224     6.928649   -552709.15 
   26800    550.72414         26.8    4833.8246    4726814.5     2453.954    6.9819231   -552626.79 
   26900    552.73575         26.9    4779.1483      4732031    2439.9354    7.0220376   -552550.84 
   27000    554.75249           27    4934.3503    4719536.3    2439.0408    7.0246133   -552520.51 
   27100    556.78184         27.1    5284.3458    4680119.4    2450.8486    6.9907697    -552543.7 
   27200    558.75759         27.2    5047.5465    4646481.5    2448.4541    6.9976064   -552515.55 
   27300    560.76842         27.3    5031.5548    4828019.5    2421.1078    7.0766441   -552415.37 
   27400    562.86988         27.4    5309.5133    4735901.9     2433.818    7.0396876   -552436.18 
   27500    564.89733         27.5    5185.8095    4538421.1    2461.2652    6.9611832   -552529.68 
   27600    566.85615         27.6    5177.3541    4692844.6    2430.5652    7.0491087   -552465.26 
   27700    568.87326         27.7    4731.8561    4852779.9     2407.073    7.1179055   -552408.47 
   27800    571.06055         27.8      4954.61    4594656.8    2446.1848     7.004098   -552521.38 
   27900    573.05526         27.9    5064.6252    4557167.5    2454.2258    6.9811501    -552512.9 
   28000    575.06319           28    5150.2097    4760672.6    2427.1084    7.0591483   -552426.21 
   28100     577.1797         28.1    5223.5813    4689928.8    2432.7953    7.0426468   -552456.08 
   28200    579.17291         28.2    5064.1804      4654617    2444.6487    7.0084993    -552518.2 
   28300    581.21359         28.3     5188.132    4719396.5    2442.0705    7.0158985   -552538.39 
   28400    583.34464         28.4    4844.4699    4733903.7    2443.6522    7.0113573   -552552.71 
   28500    585.49063         28.5     4721.152    4699643.3    2441.5286    7.0174555   -552540.53 
   28600    587.61849         28.6    4965.9848    4692538.7    2443.0346    7.0131296   -552530.15 
   28700    589.75091         28.7    4899.2565    4604659.6    2443.8498    7.0107903   -552499.32 
   28800    591.74862         28.8    5181.1013    4768103.9    2433.3003    7.0411853   -552466.75 
   28900    593.73698         28.9    4849.5658    4648207.7    2451.1132     6.990015   -552541.42 
   29000    595.78219           29    4964.5081    4666932.7    2456.7217    6.9740574   -552591.71 
   29100     597.7963         29.1    5153.3274    4764808.5    2435.9303    7.0335832   -552531.17 
   29200    599.70293         29.2    4882.0359    4761561.8     2433.359    7.0410155   -552504.87 
   29300    601.76013         29.3    5053.5921    4632724.5     2460.687     6.962819   -552574.13 
   29400    603.77285         29.4    5178.9062    4636051.6    2457.5411    6.9717321    -552532.3 
   29500    605.74958         29.5    5208.1063    4729686.3    2432.9195    7.0422874   -552456.19 
   29600    607.69643         29.6    4640.4722    4788838.2    2424.7207    7.0660998   -552445.35 
   29700    609.72868         29.7    4848.0122    4734619.5     2427.883    7.0568961   -552456.14 
   29800    611.75303         29.8    4969.9316      4686189    2435.9249    7.0335987   -552464.75 
   29900    613.71374         29.9    5155.8896    4726994.1    2443.1277    7.0128623   -552494.84 
   30000    615.74081           30    5172.3745    4654381.1    2459.1986    6.9670333   -552574.88 
   30100     617.7984         30.1    4952.4492    4687785.6    2454.1547    6.9813523   -552580.96 
   30200    619.86216         30.2    4890.7663    4771586.9    2435.1142    7.0359404   -552527.69 
   30300    621.86792         30.3    4712.8488    4691370.9    2444.8278    7.0079857   -552556.28 
   30400    623.85474         30.4     5107.041    4649900.4     2464.867    6.9510114   -552619.81 
   30500    625.87902         30.5    5276.1654      4704029    2459.8255    6.9652576   -552618.26 
   30600    627.89629         30.6    5361.9982    4796621.2    2450.3881    6.9920836   -552618.27 
   30700    629.92665         30.7    4522.9028    4681573.8     2460.355    6.9637587   -552656.31 
   30800    631.93852         30.8    5093.8496    4656687.2    2469.9584    6.9366829   -552681.65 
   30900    633.95264         30.9    5228.9228    4765060.9    2457.8961    6.9707253    -552629.2 
   31000    635.99665           31    5098.4351    4750980.6    2441.3238    7.0180444   -552545.28 
   31100    638.05627         31.1    4586.4739      4647182    2439.4192    7.0235235   -552496.94 
   31200    640.07833         31.2      5092.92    4752602.7    2427.2761    7.0586606   -552452.34 
   31300    642.09249         31.3    5095.4259    4748095.6    2427.0039    7.0594523   -552427.79 
   31400    644.14523         31.4    5000.1261    4633558.2    2444.0093    7.0103328   -552477.76 
   31500    646.14371         31.5    5136.8009    4662979.6    2438.4308    7.0263707   -552473.63 
   31600    648.16844         31.6    4617.3177      4788155    2416.7093     7.089524   -552444.93 
   31700    650.19886         31.7    4685.8757    4726062.4    2424.6714    7.0662436   -552468.47 
   31800    652.32115         31.8    5113.3575    4649796.4    2449.7658    6.9938596   -552540.79 
   31900    654.29786         31.9    5200.3141    4634321.6    2450.6473     6.991344   -552532.28 
   32000     656.3662           32    5024.8467      4777556    2432.0199    7.0448925   -552481.04 
   32100    658.44724         32.1    4754.8048    4683738.7    2429.9133    7.0509999   -552479.98 
   32200    660.38464         32.2    4670.9787    4728824.7    2426.2186    7.0617373   -552478.21 
   32300    662.42256         32.3    4990.2434    4714094.6    2426.5301    7.0608308   -552459.77 
   32400    664.39609         32.4    5087.0438      4678192    2438.5256    7.0260973   -552467.16 
   32500    666.43834         32.5    4884.7887    4673569.6    2441.8331    7.0165806   -552480.15 
   32600    668.52983         32.6    4947.1688    4706183.4    2431.2073    7.0472469   -552451.77 
   32700    670.61343         32.7    5129.5714    4741472.1     2427.521    7.0579485   -552470.32 
   32800     672.6594         32.8    4929.9569    4644684.4     2452.981    6.9846925   -552582.25 
   32900    674.67974         32.9     5054.774      4577934    2474.8598    6.9229451   -552664.82 
   33000    676.68901           33    4854.0868    4713436.5    2461.3762    6.9608694   -552637.27 
   33100    678.70804         33.1    4920.7521    4793198.6     2449.385    6.9949472   -552616.35 
   33200    680.74842         33.2    5281.4523      4697232     2473.326    6.9272381   -552700.42 
   33300      682.752         33.3     4871.923    4587484.5    2481.3492    6.9048397   -552738.28 
   33400    684.76148         33.4    4937.5293    4807902.8     2454.917    6.9791843   -552660.33 
   33500    686.79562         33.5    5168.5569    4788019.7    2459.4686    6.9662685   -552670.55 
   33600    688.79827         33.6    5259.9788      4635883     2491.422    6.8769235   -552762.89 
   33700    690.81345         33.7    5302.9053    4629067.2    2494.1883    6.8692964   -552786.11 
   33800    692.81007         33.8    5181.3935    4780681.8    2467.2682    6.9442464   -552729.35 
   33900    694.82661         33.9    5144.1277    4711747.7    2475.8049    6.9203024   -552767.18 
   34000    696.85269           34    4992.9784    4588897.4    2491.8264    6.8758074    -552823.5 
   34100    698.87838         34.1    4952.9079    4755414.3    2468.9163    6.9396108   -552748.63 
   34200    700.89922         34.2    5391.2278      4776838    2468.7338    6.9401238   -552724.81 
   34300     702.8968         34.3    5193.5717    4591622.5    2499.7747     6.853945   -552809.01 
   34400    704.90565         34.4    4910.7804      4678025    2484.1762    6.8969819   -552779.04 
   34500    706.90462         34.5    4966.8377    4829011.6     2456.618    6.9743518   -552728.18 
   34600    708.90297         34.6    4955.5662    4659342.9    2480.7614    6.9064757   -552796.79 
   34700    710.91486         34.7    4973.7961      4592871    2494.7357    6.8677891   -552818.68 
   34800    712.91075         34.8    5092.5937    4791355.6    2468.7153    6.9401757   -552728.85 
   34900    714.92983         34.9    5102.3926    4729741.1    2475.2828     6.921762   -552751.68 
   35000    716.92045           35    4759.8933    4580087.2    2495.3215    6.8661768   -552833.36 
   35100     718.9106         35.1    4505.6297      4770820    2469.0714    6.9391749   -552769.75 
   35200    720.92898         35.2    4892.1625    4803000.7    2463.1343    6.9559011   -552745.58 
   35300    722.92187         35.3    4709.2726    4583293.4    2494.0234    6.8697503   -552827.73 
   35400    724.94384         35.4    5163.3418    4678697.8     2482.973    6.9003241    -552782.3 
   35500    727.00411         35.5    5082.6598    4832559.1    2463.4447    6.9550246   -552715.14 
   35600    728.99995         35.6     5311.281    4644006.5    2487.1703    6.8886792   -552778.47 
   35700    731.00695         35.7    4872.5644    4617439.3    2492.3472    6.8743706   -552818.62 
   35800    733.00049         35.8    4548.9235    4816177.6    2461.6262    6.9601626   -552749.86 
   35900    735.02061         35.9    5066.0369    4733572.4    2469.3586    6.9383678   -552762.76 
   36000    737.01488           36    5462.1875    4594362.1    2493.8622    6.8701946    -552801.4 
   36100    739.00651         36.1    4930.9692    4660787.1    2478.2005    6.9136127    -552762.3 
   36200    741.02508         36.2    4920.5299    4800648.6    2466.3127    6.9469367    -552725.2 
   36300    743.02077         36.3    5035.9418    4643736.6    2487.5524     6.887621   -552795.98 
   36400     745.0296         36.4    4906.9664    4645619.6    2484.5194    6.8960292   -552803.85 
   36500    747.02188         36.5    4762.4652    4770636.4     2465.155    6.9501993   -552752.81 
   36600    749.01313         36.6    4608.5363    4699606.5    2475.5782    6.9209362   -552795.95 
   36700     751.0221         36.7    4875.1154    4639860.5    2484.0237    6.8974053   -552809.93 
   36800    753.01486         36.8    4767.7911    4741450.9    2472.6157    6.9292282   -552758.58 
   36900    755.03049         36.9    4987.6672    4729461.4      2476.76    6.9176337   -552755.22 
   37000      757.112           37    5124.0011    4665413.6    2485.6224    6.8929692   -552776.42 
   37100     759.1043         37.1    5041.2835    4709056.8    2476.2863     6.918957   -552751.37 
   37200    761.13071         37.2    4529.3115    4746218.8    2452.6288    6.9856956   -552664.52 
   37300    763.14613         37.3    4811.9544    4795600.1    2448.3775    6.9978254   -552623.25 
   37400    765.17848         37.4    4874.3799    4600770.9    2476.0369     6.919654   -552683.14 
   37500    767.18606         37.5    5138.7897    4645402.2     2470.601    6.9348788   -552652.37 
   37600    769.19918         37.6    5008.8915    4761451.2    2448.9627    6.9961534   -552585.73 
   37700    771.20331         37.7    5035.3051    4722599.4    2455.0415    6.9788305      -552620 
   37800    773.18519         37.8    4821.9043    4623157.3     2470.674    6.9346739   -552691.93 
   37900    775.17556         37.9     4720.149    4698933.5    2462.3182    6.9582064   -552673.16 
   38000    777.15269           38    5115.7153    4787254.4    2452.8365    6.9851042   -552634.77 
   38100    779.13027         38.1    4845.2534    4675470.3    2466.4088     6.946666   -552663.31 
   38200     781.1296         38.2    4906.1098    4635216.9    2473.2665    6.9274049   -552681.03 
   38300    783.19791         38.3    5099.4022    4736971.3    2457.6841    6.9713264   -552637.58 
   38400     785.2914         38.4    4676.1233    4704323.9    2444.3921    7.0092348   -552584.52 
   38500     787.3956         38.5    4871.6834    4694842.9    2450.1322    6.9928138   -552574.35 
   38600     789.4757         38.6    4906.9584    4653107.1    2459.2571    6.9668675   -552589.64 
   38700     791.5777         38.7    4931.1722    4710035.9    2445.3965     7.006356   -552539.17 
   38800    793.66557         38.8    4976.7369    4766838.4    2440.4705     7.020498   -552532.16 
   38900    795.81062         38.9    5077.3419    4653763.5    2459.1526    6.9671635   -552620.22 
   39000    797.92693           39    4748.0758      4613824     2472.011    6.9309232   -552683.97 
   39100    800.06093         39.1    5186.9413    4703621.5    2465.0694    6.9504405   -552671.79 
   39200    802.17401         39.2    5142.7524    4732175.4    2460.4865    6.9633864   -552666.89 
   39300    804.28429         39.3    4936.7027    4666365.3    2469.9016    6.9368424   -552706.79 
   39400    806.40538         39.4    4816.0778    4674122.2    2466.9771    6.9450659   -552717.17 
   39500    808.51644         39.5    4778.4447    4753789.9    2455.0535    6.9787963   -552676.19 
   39600    810.64143         39.6    5085.4507    4701707.5    2463.8025    6.9540147   -552670.56 
   39700    812.75223         39.7    4877.5736    4653669.1    2472.6016    6.9292677   -552682.76 
   39800    814.88839         39.8    4878.6811    4661007.3    2450.6872    6.9912301   -552595.45 
   39900    817.03997         39.9    4932.8494    4858866.6    2415.3286    7.0935765   -552450.53 
   40000     819.1561           40    5171.7012    4695795.4    2443.7626    7.0110403   -552529.77 
   40100    821.13333         40.1    5091.0767    4537452.3    2471.7696    6.9316002   -552601.98 
   40200    823.15775         40.2    5119.7806    4762788.1    2429.0934    7.0533798   -552453.19 
   40300    825.21667         40.3     5232.559    4878969.5     2412.255    7.1026149   -552387.17 
   40400    827.36252         40.4    5153.6506    4578148.3    2465.5965    6.9489547   -552566.42 
   40500    829.46051         40.5    4848.5307    4573043.4    2469.0687    6.9391826   -552612.35 
   40600    831.50593         40.6    4986.9541    4854724.9    2420.5253    7.0783471   -552477.96 
   40700     833.5792         40.7    4754.9514    4758919.1    2420.5209      7.07836   -552447.92 
   40800    835.55816         40.8    4896.0641    4628160.1    2440.5128    7.0203763   -552472.05 
   40900    837.58156         40.9     5188.561    4640005.4    2439.4188    7.0235249   -552466.45 
   41000    839.66946           41    4933.5705    4749142.5    2424.3232    7.0672584   -552421.07 
   41100    841.65559         41.1    4992.6668    4729660.6    2427.6589    7.0575477   -552448.38 
   41200     843.7131         41.2    4947.0295    4649553.7    2436.6573    7.0314848   -552491.26 
   41300     845.7368         41.3    5084.2781    4704859.3    2435.7639    7.0340637   -552474.81 
   41400     847.9076         41.4    5295.6253      4708637    2445.6197    7.0057166   -552484.29 
   41500    849.89026         41.5    5029.7321    4557013.4    2451.2117    6.9897342   -552507.13 
   41600    851.81143         41.6    5165.0342    4748439.9    2415.9543    7.0917393   -552409.77 
   41700     853.8367         41.7    5103.8773    4856544.9    2411.2389    7.1056081    -552406.1 
   41800    855.80306         41.8    4776.7243    4541910.6    2464.6938    6.9514998   -552594.93 
   41900    857.86038         41.9    5016.8246      4606158    2469.7078    6.9373869   -552650.66 
   42000    859.92776           42    4903.1874      4780267    2428.0231    7.0564891    -552518.1 
   42100    861.98773         42.1    5175.1016    4804527.1     2427.078    7.0592369   -552493.43 
   42200    864.02926         42.2     5151.549    4583195.7    2460.9834    6.9619806   -552573.45 
   42300    866.02638         42.3    5036.9875    4665115.3    2451.1528    6.9899022   -552541.07 
   42400    868.00683         42.4    4734.1739    4771021.5    2426.1108     7.062051   -552456.66 
   42500     870.0182         42.5    5014.6669    4722250.3    2438.2059    7.0270186   -552518.46 
   42600    872.07446         42.6    4884.1059    4682839.7    2456.6735    6.9741944   -552616.88 
   42700    874.08374         42.7    4798.4858    4674701.9    2454.1321    6.9814166   -552617.38 
   42800     876.1199         42.8    4858.6898    4761013.6    2443.5599    7.0116221   -552575.04 
   42900    878.16712         42.9    4822.3423    4651679.3    2452.1648    6.9870175   -552579.68 
   43000    880.20076           43    4853.0845    4601371.8     2456.441    6.9748544   -552573.66 
   43100    882.22959         43.1     5208.061    4751974.8    2427.7659    7.0572367   -552466.66 
   43200    884.19265         43.2    5193.0623    4729651.1    2432.5175    7.0434512   -552473.77 
   43300    886.15675         43.3    4855.8175    4570339.8    2448.1021    6.9986128   -552505.02 
   43400    888.16878         43.4    4790.6904    4782332.7    2419.5099    7.0813177    -552390.8 
   43500    890.27026         43.5    5155.2791      4800601    2419.1538    7.0823602   -552378.48 
   43600    892.20219         43.6    4816.9875    4638380.5     2448.415    6.9977183   -552477.06 
   43700    894.09047         43.7    4871.6156    4646100.8    2434.0261    7.0390858   -552467.98 
   43800    896.03708         43.8    4920.7625    4851781.1    2405.1101    7.1237146   -552374.94 
   43900    897.90088         43.9    5087.7573    4640319.4    2431.9304    7.0451515    -552454.3 
   44000    899.88061           44    4957.5124    4643396.8    2447.0402    7.0016498    -552492.7 
   44100    901.93824         44.1    5221.5347    4757215.8    2435.4561    7.0349526   -552472.54 
   44200     904.0063         44.2    4982.9899    4685690.3    2446.0906    7.0043679   -552516.53 
   44300    906.10028         44.3    5390.5422    4627201.7    2462.0006    6.9591042      -552593 
   44400    908.15999         44.4     5323.262    4709188.9    2458.9125    6.9678438   -552607.85 
   44500    910.19182         44.5    4862.2277    4692818.8    2454.8861    6.9792721   -552613.09 
   44600    912.20733         44.6    4939.9642    4714659.4    2455.3607    6.9779231   -552622.54 
   44700    914.21288         44.7    5240.3344    4719299.8    2466.1241    6.9474681   -552661.33 
   44800    916.22916         44.8    5073.7091    4632901.8    2476.5889    6.9181115   -552724.35 
   44900    918.23061         44.9    4901.9913    4737955.6    2459.3751    6.9665332   -552679.41 
   45000    920.25008           45    4790.5343    4743793.2    2452.4827    6.9861118   -552646.98 
   45100      922.256         45.1    4750.7453    4622878.2    2473.2437    6.9274687      -552691 
   45200    924.25674         45.2    5120.2206    4649315.9    2477.1111    6.9166532   -552695.44 
   45300    926.28451         45.3    4901.3452    4694729.5    2451.5961    6.9886382   -552623.27 
   45400    928.30161         45.4     5126.631    4827577.1    2431.2604    7.0470931   -552522.15 
   45500    930.52381         45.5    4880.1912    4655673.1    2452.7765    6.9852749   -552559.69 
   45600    932.73187         45.6    4961.8624    4606235.3    2457.7893    6.9710282   -552555.38 
   45700    934.96878         45.7    5202.3539    4773413.1    2427.9566    7.0566823   -552453.35 
   45800     937.1585         45.8    5336.8198    4796956.7    2431.8094    7.0455022   -552475.08 
   45900    939.16827         45.9    5478.0057    4645931.6    2476.9736    6.9170371   -552654.13 
   46000    941.21196           46    4852.1021      4577968    2479.5706    6.9097924   -552682.64 
   46100    943.21263         46.1    4774.8692    4827181.4    2432.7925    7.0426549   -552550.67 
   46200    945.35189         46.2    5057.5595    4782463.9    2437.6893     7.028508   -552562.01 
   46300    947.49669         46.3    4852.7894    4572019.4    2474.4472    6.9240995   -552649.11 
   46400    949.61829         46.4    4857.2453    4592031.3    2462.0617    6.9589314   -552586.77 
   46500    951.82027         46.5    4860.3897    4788182.4    2423.9078    7.0684696   -552445.98 
   46600    953.89424         46.6     4959.591      4744187    2436.3813    7.0322811    -552487.5 
   46700    955.97576         46.7    5179.4683    4654239.8    2471.0789    6.9335375   -552638.65 
   46800    957.97228         46.8    5217.5599    4632676.2    2479.5289    6.9099087   -552701.51 
   46900    959.90809         46.9     5271.158    4718576.1    2467.0028    6.9449935   -552689.35 
   47000    961.82323           47    4638.6597    4745187.2    2462.5956    6.9574226   -552698.34 
   47100    963.74658         47.1    4890.9655      4661490    2473.0491    6.9280138   -552734.33 
   47200    965.68295         47.2    4764.9806    4675144.4    2469.9066    6.9368285   -552714.75 
   47300    967.66946         47.3    4910.0015    4704273.7    2463.9395    6.9536279   -552676.03 
   47400    969.58662         47.4    5087.1927    4694483.1    2472.4332    6.9297396   -552692.64 
   47500    971.51935         47.5    5198.7554    4663734.4    2478.8286    6.9118609   -552719.66 
   47600     973.4357         47.6    5142.0902    4720124.4    2465.4609    6.9493368   -552702.92 
   47700    975.37609         47.7    4834.4815    4744101.3    2460.8374    6.9623936   -552708.38 
   47800    977.28627         47.8    4826.2601    4662620.2    2486.5699    6.8903424   -552812.44 
   47900     979.1861         47.9    4892.9105    4582843.3    2494.2277    6.8691878   -552840.73 
   48000    981.10876           48    5110.8419    4828506.5    2460.2196    6.9641419   -552732.45 
   48100    983.01949         48.1    5099.7381    4723187.7    2475.2982    6.9217191   -552768.22 
   48200    984.93633         48.2    4977.9208    4564834.9    2503.0627    6.8449418   -552837.86 
   48300    986.83693         48.3     5128.254    4754351.5    2474.5571     6.923792   -552751.68 
   48400    988.74179         48.4    5028.1469    4777788.5    2467.6156    6.9432688   -552743.06 
   48500     990.6585         48.5    4584.7119    4594711.2    2493.6004    6.8709158    -552842.5 
   48600    992.56116         48.6    4748.0037    4714396.3    2477.8042    6.9147184   -552793.85 
   48700    994.46553         48.7    4825.7808    4816000.2    2465.7713    6.9484621   -552746.37 
   48800    996.38491         48.8    5233.2197    4636066.5    2491.2138    6.8774983   -552796.92 
   48900    998.33951         48.9    5069.1676    4646183.5    2491.6548     6.876281   -552780.16 
   49000    1000.2729           49     4950.995      4684767    2469.3648    6.9383504   -552712.15 
   49100    1002.1919         49.1    5034.8656    4776385.9    2455.2858     6.978136   -552659.25 
   49200    1004.1797         49.2    5064.0588    4654659.6    2473.7328     6.926099   -552698.54 
   49300    1006.4276         49.3    5048.6832    4626774.9    2477.4108    6.9158166   -552703.23 
   49400    1008.6644         49.4     5076.542    4781226.9    2451.2087    6.9897427   -552623.46 
   49500    1010.9196         49.5    4983.0423    4734864.8    2448.1383     6.998509   -552599.53 
   49600    1013.1635         49.6    5049.2221    4654650.2     2461.744    6.9598295    -552613.6 
   49700    1015.4264         49.7    4991.2053      4661886    2453.2248    6.9839985   -552567.43 
   49800    1017.6775         49.8    4889.9696    4709143.3    2440.7497     7.019695   -552524.98 
   49900    1019.9477         49.9    5102.1309    4721618.8    2450.5887    6.9915111   -552572.48 
   50000    1022.1985           50    4705.3885    4633730.7    2460.4002    6.9636306   -552635.67 