# Chunk-averaged data for fix allrho1 and group c_keatom
# Timestep Number-of-chunks Total-count
# Chunk Coord1 Ncount density/mass c_keatom
10000 5 4352.08
  1 3.99663 1024 3.77246 0.0306754
  2 11.9966 1024 3.77246 2.24922e-06
  3 19.9966 1024 3.77246 0.00011112
  4 27.9966 1024 3.77246 0.0236065
  5 35.9966 256.077 0.943399 3.77743e-08
20000 5 5120
  1 4.03902 1024 3.77246 1.87263
  2 12.039 1024 3.77246 0.139925
  3 20.039 1024 3.77246 0.00111565
  4 28.039 1024 3.77246 0.0225949
  5 36.039 1024 3.77246 0.0212219
30000 6 6144
  1 6.20027 1183.89 4.37282 2.20288
  2 14.2003 1120.11 4.11522 1.59413
  3 22.2003 1024 3.77246 0.0656771
  4 30.2003 1024 3.77246 0.0211831
  5 38.2003 1021.19 3.76235 0.0260813
  6 46.2003 770.809 2.83947 0.018221
40000 7 7296.03
  1 8.21002 1204.17 4.43316 2.03594
  2 16.21 1218.13 4.4861 2.12889
  3 24.21 1161.69 4.28435 1.61399
  4 32.21 1024.01 3.77248 0.0373012
  5 40.21 853.603 3.14101 0.0222674
  6 48.21 938.397 3.4608 0.0261315
  7 56.21 896.026 3.301 0.0156397
50000 8 8448.05
  1 9.99689 1166.93 4.28844 2.21777
  2 17.9969 1247.01 4.60412 1.91172
  3 25.9969 1176.66 4.33753 2.27197
  4 33.9969 1226.99 4.51908 1.37502
  5 41.9969 814.412 2.99938 0.207993
  6 49.9969 1024 3.77246 0.0226677
  7 57.9969 1024 3.77246 0.0271988
  8 65.9969 768.051 2.82954 0.00919132
60000 9 9472.08
  1 12.1472 1185.94 4.37147 2.26809
  2 20.1472 1221.69 4.49885 2.39547
  3 28.1472 1215.51 4.47657 2.26038
  4 36.1472 1250.65 4.60803 1.66403
  5 44.1472 1014.21 3.73675 1.41694
  6 52.1472 1024 3.77246 0.0812016
  7 60.1472 1024 3.77246 0.0223831
  8 68.1472 1024 3.77246 0.0262233
  9 76.1472 512.077 1.88652 0.00419817
70000 10 10496.1
  1 13.9971 1123.55 4.14411 2.28199
  2 21.9971 1215.72 4.47381 2.66603
  3 29.9971 1306.19 4.81245 2.1812
  4 37.9971 1247.41 4.59002 1.66252
  5 45.9971 1166.98 4.31029 1.47933
  6 53.9971 1108.15 4.07658 1.0537
  7 61.9971 1024 3.77246 0.028094
  8 69.9971 1024 3.77246 0.0243343
  9 77.9971 768 2.82935 0.0254909
  10 85.9971 512.077 1.88652 0.00406418
80000 10 11264
  1 16.041 1098.23 4.04813 2.34925
  2 24.041 1221.82 4.50019 2.26052
  3 32.041 1353.11 4.98557 2.13563
  4 40.041 1304.19 4.80341 1.75815
  5 48.041 1166.65 4.29756 1.22532
  6 56.041 1183.14 4.35376 1.24994
  7 64.041 1120.87 4.13422 0.814132
  8 72.041 1024 3.77246 0.0227696
  9 80.041 768 2.82935 0.0254022
  10 88.041 1024 3.77246 0.0210051
90000 11 12416
  1 18.0011 1076.55 3.96729 1.96588
  2 26.0011 1246.78 4.59183 1.89068
  3 34.0011 1358.02 5.00245 1.96742
  4 42.0011 1351.78 4.98071 1.87892
  5 50.0011 1207.13 4.44883 1.27713
  6 58.0011 1182.42 4.35445 1.01053
  7 66.0011 1105.22 4.07323 1.27417
  8 74.0011 1191.62 4.38765 0.579725
  9 82.0011 776.475 2.86132 0.0229529
  10 90.0011 1024 3.77246 0.0257731
  11 98.0011 896.026 3.301 0.0153004
100000 12 13568.1
  1 19.9981 1097.26 4.04198 1.84984
  2 27.9981 1262.83 4.65151 1.58212
  3 35.9981 1347.01 4.96199 1.79895
  4 43.9981 1366.5 5.0353 1.82234
  5 51.9981 1292.07 4.76088 1.43859
  6 59.9981 1121.93 4.13322 0.989092
  7 67.9981 1129.21 4.17032 1.00601
  8 75.9981 1119.49 4.11435 1.19165
  9 83.9981 1015.69 3.74134 0.513416
  10 91.9981 1024 3.77246 0.0222412
  11 99.9981 1024 3.77246 0.0278603
  12 107.998 768.051 2.82954 0.00912873
110000 13 14592.1
  1 21.9988 1151.36 4.24282 1.9549
  2 29.9988 1271.01 4.67783 1.54624
  3 37.9988 1335.24 4.92364 1.6497
  4 45.9988 1361.04 5.01076 1.70276
  5 53.9988 1302.85 4.80224 1.53754
  6 61.9988 1199.88 4.4259 1.10778
  7 69.9988 1083.19 3.9853 0.93781
  8 77.9988 1155.02 4.25052 0.898577
  9 85.9988 1148.4 4.23499 1.17766
  10 93.9988 1024 3.77246 0.31504
  11 101.999 1024 3.77246 0.0229963
  12 109.999 1024 3.77246 0.0266059
  13 117.999 512.051 1.88642 0.00412317
120000 14 15616.1
  1 23.9971 1186.49 4.37128 1.99953
  2 31.9971 1306.31 4.81283 1.66766
  3 39.9971 1327.48 4.8897 1.51734
  4 47.9971 1356.06 4.99524 1.61774
  5 55.9971 1320.29 4.86585 1.55822
  6 63.9971 1189.66 4.38302 1.18707
  7 71.9971 1196.48 4.40297 1.03613
  8 79.9971 1101.22 4.06064 0.855854
  9 87.9971 1108.69 4.08875 0.877213
  10 95.9971 1195.3 4.39925 1.0988
  11 103.997 1024.01 3.77252 0.159104
  12 111.997 1024 3.77246 0.0247095
  13 119.997 768 2.82935 0.025335
  14 127.997 512.077 1.88652 0.00384761
130000 14 16384
  1 25.9979 1222.4 4.50445 1.96832
  2 33.9979 1334.47 4.91602 1.66451
  3 41.9979 1343.3 4.94775 1.60267
  4 49.9979 1328.44 4.895 1.55484
  5 57.9979 1333.15 4.91213 1.56262
  6 65.9979 1235.08 4.5467 1.21536
  7 73.9979 1163.29 4.2874 1.0174
  8 81.9979 1166.96 4.30502 1.04011
  9 89.9979 1136.87 4.18256 0.712582
  10 97.9979 1088.41 4.0031 0.85152
  11 105.998 1191 4.39618 1.00424
  12 113.998 1032.36 3.80094 0.0847362
  13 121.998 784.248 2.88974 0.0244162
  14 129.998 1024 3.77246 0.0209194
140000 15 17536
  1 27.9973 1269.71 4.68017 1.959
  2 35.9973 1350.82 4.97557 1.7005
  3 43.9973 1344.67 4.95148 1.67858
  4 51.9973 1326.75 4.88848 1.63136
  5 59.9973 1327.21 4.88868 1.48121
  6 67.9973 1279.15 4.71484 1.26861
  7 75.9973 1148.9 4.23415 1.01237
  8 83.9973 1186.44 4.3669 0.994235
  9 91.9973 1142.65 4.1983 0.99676
  10 99.9973 1167.57 4.31362 0.536047
  11 107.997 1050.55 3.87137 0.989011
  12 115.997 1019.91 3.75583 0.932392
  13 123.997 1001.69 3.6907 0.0558901
  14 131.997 1024 3.77246 0.0265231
  15 139.997 896.026 3.301 0.0157875
150000 16 18688.1
  1 29.9972 1309.87 4.82821 2.07138
  2 37.9972 1365.92 5.0304 1.79923
  3 45.9972 1343.9 4.95046 1.80595
  4 53.9972 1337.85 4.93112 1.64386
  5 61.9972 1333.2 4.91264 1.47809
  6 69.9972 1274.95 4.69459 1.31175
  7 77.9972 1212.15 4.46569 1.03555
  8 85.9972 1113.42 4.0998 0.940514
  9 93.9972 1209.31 4.45621 0.961579
  10 101.997 1133.54 4.17756 0.90181
  11 109.997 1028.6 3.78747 0.52285
  12 117.997 1185.29 4.3666 0.921854
  13 125.997 1024 3.77246 0.755562
  14 133.997 1024 3.77246 0.0226442
  15 141.997 1024 3.77246 0.0277694
  16 149.997 768.051 2.82954 0.00902737
160000 17 19712.1
  1 31.9969 1339.69 4.93792 2.22692
  2 39.9969 1373.85 5.05996 1.97463
  3 47.9969 1356.82 4.995 1.87635
  4 55.9969 1346.52 4.96442 1.68315
  5 63.9969 1344.17 4.9547 1.50026
  6 71.9969 1305.76 4.80846 1.35962
  7 79.9969 1174.85 4.32616 1.08451
  8 87.9969 1198.41 4.41375 0.926471
  9 95.9969 1112.71 4.10145 0.886878
  10 103.997 1208.76 4.45295 0.895021
  11 111.997 1062.46 3.9135 0.869508
  12 119.997 1105.32 4.06904 0.403494
  13 127.997 1181.87 4.36294 1.08935
  14 135.997 1040.8 3.82853 0.492429
  15 143.997 1024 3.77246 0.0230331
  16 151.997 1024 3.77246 0.0263673
  17 159.997 512.051 1.88642 0.0040189
170000 18 20736.1
  1 33.9982 1347.76 4.96811 2.3083
  2 41.9982 1393.72 5.13217 2.10642
  3 49.9982 1372.3 5.05459 1.97631
  4 57.9982 1365.2 5.03284 1.75435
  5 65.9982 1345.04 4.95462 1.57444
  6 73.9982 1317.45 4.85292 1.39554
  7 81.9982 1235.91 4.55064 1.15206
  8 89.9982 1125.63 4.14708 0.916186
  9 97.9982 1206.15 4.45063 0.869974
  10 105.998 1098.57 4.0408 0.830963
  11 113.998 1219.65 4.48996 0.81436
  12 121.998 1076.61 3.96949 0.848117
  13 129.998 1055.99 3.8933 0.460937
  14 137.998 1209.07 4.43802 1.04455
  15 145.998 1062.94 3.92919 0.309655
  16 153.998 1011.21 3.72564 0.0248276
  17 161.998 780.79 2.87617 0.0253145
  18 169.998 512.077 1.88652 0.00396813
180000 18 21504
  1 35.9972 1355.65 4.99695 2.31628
  2 43.9972 1400.92 5.15938 2.17401
  3 51.9972 1392.74 5.12852 2.07228
  4 59.9972 1376.37 5.07486 1.86437
  5 67.9972 1363.96 5.0258 1.64613
  6 75.9972 1323.64 4.87672 1.45316
  7 83.9972 1251.07 4.60579 1.22238
  8 91.9972 1191.98 4.39215 0.939415
  9 99.9972 1122.15 4.13359 0.834913
  10 107.997 1188.68 4.37551 0.85306
  11 115.997 1115.95 4.11238 0.73397
  12 123.997 1183.2 4.36241 0.905943
  13 131.997 1117.69 4.11537 0.647983
  14 139.997 1030.91 3.79266 0.604275
  15 147.997 1188.44 4.38457 0.955218
  16 155.997 874.884 3.22517 0.260408
  17 163.997 1001.77 3.68745 0.0246373
  18 171.997 1024 3.77246 0.0213833
190000 19 22656
  1 37.9974 1358.66 5.00818 2.29938
  2 45.9974 1409.62 5.19406 2.21504
  3 53.9974 1406.79 5.17826 2.12682
  4 61.9974 1392.05 5.12992 1.97622
  5 69.9974 1377.68 5.07862 1.72817
  6 77.9974 1346.07 4.95815 1.54503
  7 85.9974 1266.08 4.66224 1.28661
  8 93.9974 1195.81 4.40422 1.01844
  9 101.997 1177.54 4.33935 0.834685
  10 109.997 1125.72 4.14602 0.782037
  11 117.997 1168.75 4.30976 0.81387
  12 125.997 1135.22 4.1782 0.765787
  13 133.997 1152.34 4.24 0.924787
  14 141.997 1151.66 4.24805 0.44499
  15 149.997 1019.07 3.75567 0.844394
  16 157.997 1028.93 3.78926 0.91792
  17 165.997 1024 3.77246 0.13619
  18 173.997 1024 3.77246 0.0259631
  19 181.997 896.026 3.301 0.0155313
200000 20 23808.1
  1 39.997 1360.57 5.01669 2.3755
  2 47.997 1422.17 5.23791 2.20656
  3 55.997 1407.41 5.18136 2.17272
  4 63.997 1409.07 5.19375 2.01205
  5 71.997 1391.55 5.12965 1.83233
  6 79.997 1356.66 4.99713 1.65
  7 87.997 1301.63 4.79339 1.4158
  8 95.997 1216.49 4.47938 1.07991
  9 103.997 1165.46 4.2933 0.873345
  10 111.997 1155.93 4.25642 0.794593
  11 119.997 1149.05 4.23551 0.708202
  12 127.997 1153.09 4.2433 0.820499
  13 135.997 1150.91 4.24474 0.760125
  14 143.997 1142.15 4.21018 0.893294
  15 151.997 944.909 3.4786 0.452243
  16 159.997 1226.46 4.51532 0.793838
  17 167.997 1038.48 3.82888 0.813783
  18 175.997 1024 3.77246 0.027382
  19 183.997 1024 3.77246 0.0274286
  20 191.997 768.051 2.82954 0.00922138
210000 21 24832.1
  1 41.9987 1368.54 5.04532 2.3135
  2 49.9987 1421.65 5.23637 2.19122
  3 57.9987 1418.15 5.22019 2.17186
  4 65.9987 1412.56 5.2072 2.0802
  5 73.9987 1405.28 5.18092 1.92563
  6 81.9987 1376.61 5.07053 1.75944
  7 89.9987 1314.64 4.84134 1.56318
  8 97.9987 1258.61 4.63474 1.19298
  9 105.999 1161.5 4.27678 0.897848
  10 113.999 1174.25 4.32788 0.783777
  11 121.999 1146.9 4.22768 0.733395
  12 129.999 1156.53 4.25819 0.738143
  13 137.999 1131.9 4.16984 0.798543
  14 145.999 1130.67 4.16554 0.838477
  15 153.999 1066.21 3.92809 0.85167
  16 161.999 1058.51 3.89682 0.292054
  17 169.999 1183.27 4.36371 0.987458
  18 177.999 1086.21 3.99998 0.552152
  19 185.999 1024 3.77246 0.0214517
  20 193.999 1023.1 3.76943 0.0262763
  21 201.999 512.954 1.88946 0.00398455
220000 22 25856.1
  1 43.998 1378.39 5.08021 2.31871
  2 51.998 1424.33 5.24781 2.1607
  3 59.998 1417.48 5.21809 2.16017
  4 67.998 1417.06 5.22322 2.16759
  5 75.998 1414.53 5.21444 1.97605
  6 83.998 1386.09 5.10641 1.86655
  7 91.998 1351.67 4.97983 1.70558
  8 99.998 1271.41 4.67973 1.33859
  9 107.998 1211.3 4.46186 0.95993
  10 115.998 1137.2 4.19029 0.782798
  11 123.998 1181.43 4.35141 0.771288
  12 131.998 1091.4 4.0194 0.744663
  13 139.998 1202.99 4.43775 0.728272
  14 147.998 1040.78 3.82796 0.802076
  15 155.998 1225.56 4.51254 0.793752
  16 163.998 1072.39 3.95523 0.795306
  17 171.998 1024.01 3.7725 0.287117
  18 179.998 1185.97 4.36514 1.00404
  19 187.998 1118.02 4.12287 0.376462
  20 195.998 771.678 2.84354 0.0214901
  21 203.998 1020.32 3.75827 0.0265402
  22 211.998 512.077 1.88652 0.00400074
230000 22 26624
  1 45.9983 1385.84 5.10988 2.3503
  2 53.9983 1428.48 5.26036 2.21219
  3 61.9983 1415.56 5.21207 2.17961
  4 69.9983 1423.57 5.24697 2.13378
  5 77.9983 1421.67 5.23911 2.04353
  6 85.9983 1391.75 5.12658 1.95352
  7 93.9983 1371.94 5.05682 1.79865
  8 101.998 1319.43 4.85653 1.51472
  9 109.998 1199.97 4.4195 1.06709
  10 117.998 1200.61 4.42532 0.805933
  11 125.998 1100.07 4.0504 0.751832
  12 133.998 1207.58 4.44917 0.764079
  13 141.998 1063.54 3.92375 0.735332
  14 149.998 1223.58 4.498 0.73721
  15 157.998 1048.4 3.86568 0.776696
  16 165.998 1198.65 4.41827 0.844702
  17 173.998 1103.36 4.06335 0.57524
  18 181.998 1024 3.77246 0.436342
  19 189.998 1170.52 4.31318 0.940617
  20 197.998 877.477 3.23175 0.341321
  21 205.998 1024 3.77246 0.0243037
  22 213.998 1024 3.77246 0.0207017
240000 23 27776
  1 47.9969 1393.18 5.13693 2.38193
  2 55.9969 1429.53 5.26456 2.26169
  3 63.9969 1420.18 5.22997 2.21381
  4 71.9969 1420.8 5.2351 2.11785
  5 79.9969 1423.04 5.2466 2.07412
  6 87.9969 1402.47 5.16449 2.01928
  7 95.9969 1383.32 5.09594 1.86634
  8 103.997 1345.33 4.95444 1.66306
  9 111.997 1267.65 4.66949 1.25351
  10 119.997 1142.42 4.21174 0.85646
  11 127.997 1203.25 4.4274 0.770005
  12 135.997 1091.95 4.02435 0.737141
  13 143.997 1204.98 4.44032 0.772632
  14 151.997 1071.4 3.94138 0.714789
  15 159.997 1190.33 4.392 0.769516
  16 167.997 1090.15 4.01459 0.714596
  17 175.997 1148.81 4.23192 0.883899
  18 183.997 1155.19 4.25612 0.372319
  19 191.997 996.909 3.67384 0.705841
  20 199.997 1051.09 3.87109 0.899741
  21 207.997 1024 3.77246 0.177171
  22 215.997 1024 3.77246 0.0261895
  23 223.997 896.026 3.301 0.0153362
250000 24 28928.1
  1 49.9975 1393.36 5.13698 2.39132
  2 57.9975 1436.48 5.29012 2.28438
  3 65.9975 1423 5.2411 2.24747
  4 73.9975 1426.88 5.25822 2.19939
  5 81.9975 1415.74 5.21733 2.05363
  6 89.9975 1408.21 5.1874 2.04359
  7 97.9975 1403.86 5.17045 1.96998
  8 105.997 1364.47 5.02571 1.74603
  9 113.997 1282.96 4.72753 1.44986
  10 121.997 1221.53 4.49933 0.997732
  11 129.997 1108.06 4.07882 0.771691
  12 137.997 1205.7 4.44767 0.763625
  13 145.997 1089.17 4.00833 0.720196
  14 153.997 1191.96 4.39307 0.792289
  15 161.997 1085.3 3.99749 0.713569
  16 169.997 1175.2 4.32699 0.756531
  17 177.997 1128.11 4.15833 0.678988
  18 185.997 1146.76 4.22726 0.805036
  19 193.997 921.231 3.39046 0.378915
  20 201.997 1228.21 4.52177 0.691751
  21 209.997 1055.8 3.89348 0.833951
  22 217.997 1024 3.77246 0.0403448
  23 225.997 1024 3.77246 0.0277464
  24 233.997 768.051 2.82954 0.00893765
260000 25 29952.1
  1 51.9979 1398.27 5.15324 2.36178
  2 59.9979 1434.2 5.2855 2.24572
  3 67.9979 1424.71 5.24591 2.32289
  4 75.9979 1431.26 5.26984 2.21412
  5 83.9979 1422.08 5.24567 2.11803
  6 91.9979 1405.12 5.17595 2.03372
  7 99.9979 1411.59 5.19843 2.01578
  8 107.998 1392.18 5.12695 1.8753
  9 115.998 1312.14 4.83424 1.58898
  10 123.998 1217.62 4.48534 1.15425
  11 131.998 1200.51 4.42192 0.840459
  12 139.998 1090.73 4.02093 0.778005
  13 147.998 1215.55 4.47446 0.743236
  14 155.998 1078.2 3.97423 0.749772
  15 163.998 1213 4.46682 0.748638
  16 171.998 1088.89 4.0132 0.725616
  17 179.998 1151.13 4.239 0.702124
  18 187.998 1136.42 4.19124 0.783163
  19 195.998 1040.38 3.83007 0.761297
  20 203.998 1032.27 3.80283 0.235081
  21 211.998 1198.43 4.41689 0.891243
  22 219.998 1097.3 4.04079 0.567504
  23 227.998 1024 3.77246 0.023844
  24 235.998 768 2.82935 0.0291503
  25 243.998 768.051 2.82954 0.00910819
270000 26 30976.1
  1 53.9988 1408.73 5.19337 2.38755
  2 61.9988 1428.47 5.2616 2.27022
  3 69.9988 1421.98 5.23617 2.28382
  4 77.9988 1434.29 5.28355 2.26671
  5 85.9988 1425.73 5.25854 2.15611
  6 93.9988 1409.12 5.188 2.1196
  7 101.999 1414.55 5.21164 2.00843
  8 109.999 1398.98 5.15164 1.94644
  9 117.999 1354.84 4.99283 1.77223
  10 125.999 1263.39 4.65078 1.2717
  11 133.999 1155.84 4.2593 0.916642
  12 141.999 1199.4 4.41979 0.820291
  13 149.999 1096.81 4.03959 0.763133
  14 157.999 1199.17 4.41736 0.749773
  15 165.999 1102.26 4.06131 0.727845
  16 173.999 1167.15 4.29979 0.773857
  17 181.999 1135.29 4.18275 0.735272
  18 189.999 1056.57 3.89165 0.691696
  19 197.999 1225.51 4.50996 0.735212
  20 205.999 1045.92 3.8589 0.679821
  21 213.999 1024 3.77246 0.250065
  22 221.999 1149.7 4.23689 0.974093
  23 229.999 1154.3 4.25115 0.358952
  24 237.999 768 2.82935 0.0219648
  25 245.999 1024 3.77246 0.0267383
  26 253.999 512.077 1.88652 0.00404643
280000 26 31744
  1 55.997 1410.88 5.20156 2.41633
  2 63.997 1431.19 5.27024 2.29892
  3 71.997 1421.64 5.2346 2.2974
  4 79.997 1430.86 5.27158 2.23442
  5 87.997 1425.83 5.25892 2.24226
  6 95.997 1419.32 5.22834 2.14133
  7 103.997 1419.96 5.22969 2.06762
  8 111.997 1403.25 5.16546 1.96928
  9 119.997 1374.28 5.06457 1.86239
  10 127.997 1305.52 4.80934 1.48021
  11 135.997 1196.41 4.40895 0.978108
  12 143.997 1149.02 4.23115 0.863959
  13 151.997 1176.36 4.33361 0.82046
  14 159.997 1123.59 4.13978 0.756438
  15 167.997 1168.61 4.30719 0.75138
  16 175.997 1135.29 4.18054 0.744006
  17 183.997 1126.67 4.15706 0.753795
  18 191.997 1177.33 4.33099 0.686073
  19 199.997 1040.92 3.83496 0.710749
  20 207.997 1216.24 4.48311 0.760733
  21 215.997 1070.85 3.94244 0.464767
  22 223.997 1024 3.77246 0.410985
  23 231.997 1148.18 4.2303 0.909539
  24 239.997 899.818 3.31463 0.314715
  25 247.997 1024 3.77246 0.0242499
  26 255.997 1024 3.77246 0.0208318
290000 27 32896
  1 57.9969 1409.85 5.19792 2.41122
  2 65.9969 1427.25 5.25634 2.34617
  3 73.9969 1428 5.25685 2.34159
  4 81.9969 1431.26 5.27526 2.2686
  5 89.9969 1422.87 5.24566 2.21319
  6 97.9969 1427.06 5.257 2.17844
  7 105.997 1420.98 5.23127 2.13397
  8 113.997 1416.04 5.21676 2.01574
  9 121.997 1388.05 5.11273 1.87209
  10 129.997 1337.8 4.92937 1.66594
  11 137.997 1229.75 4.53073 1.16884
  12 145.997 1159.84 4.27216 0.876713
  13 153.997 1165.28 4.29307 0.851574
  14 161.997 1163.18 4.28659 0.804534
  15 169.997 1140.79 4.20136 0.766416
  16 177.997 1155.24 4.25237 0.736314
  17 185.997 1148.76 4.23567 0.725055
  18 193.997 1114.03 4.09967 0.763203
  19 201.997 1174.4 4.33235 0.702947
  20 209.997 1044.79 3.84866 0.669771
  21 217.997 1154.39 4.25226 0.793498
  22 225.997 1144.39 4.21562 0.269525
  23 233.997 979.993 3.60975 0.662015
  24 241.997 1068.01 3.93518 0.86625
  25 249.997 1024 3.77246 0.14579
  26 257.997 1024 3.77246 0.0267603
  27 265.997 896.026 3.301 0.0155507
300000 28 33920
  1 59.9969 1410.55 5.20195 2.44131
  2 67.9969 1425.08 5.2466 2.36871
  3 75.9969 1428.62 5.26149 2.36773
  4 83.9969 1435.49 5.28866 2.32123
  5 91.9969 1424 5.24937 2.18504
  6 99.9969 1421.61 5.23603 2.2191
  7 107.997 1430.18 5.26621 2.16723
  8 115.997 1422.71 5.24264 2.06163
  9 123.997 1404.68 5.17514 1.93173
  10 131.997 1356.12 4.99521 1.75344
  11 139.997 1268.22 4.67237 1.37588
  12 147.997 1195.69 4.4038 0.949198
  13 155.997 1142.89 4.20961 0.848876
  14 163.997 1178.08 4.34117 0.843115
  15 171.997 1149.13 4.23311 0.807894
  16 179.997 1154.96 4.25529 0.763271
  17 187.997 1126.06 4.14893 0.741255
  18 195.997 1168.71 4.30527 0.754708
  19 203.997 1075.31 3.96274 0.747825
  20 211.997 1151.2 4.23854 0.679958
  21 219.997 1110.71 4.09307 0.68742
  22 227.997 1138.71 4.20359 0.62996
  23 235.997 916.708 3.36767 0.270966
  24 243.997 1216.22 4.48457 0.670416
  25 251.997 1080.36 3.97714 0.786688
  26 259.997 1024 3.77246 0.0297221
  27 267.997 1024 3.77246 0.0274501
  28 275.997 640.026 2.35788 0.0107702
310000 29 35072.1
  1 61.9973 1407.21 5.18886 2.43775
  2 69.9973 1425.78 5.24777 2.37638
  3 77.9973 1424.21 5.2475 2.39296
  4 85.9973 1442.8 5.3165 2.31718
  5 93.9973 1425.46 5.25308 2.2556
  6 101.997 1421.11 5.23569 2.23424
  7 109.997 1437.92 5.29534 2.15698
  8 117.997 1424.28 5.24681 2.13663
  9 125.997 1415.04 5.21505 1.99889
  10 133.997 1374.81 5.06236 1.86288
  11 141.997 1315.72 4.84704 1.52738
  12 149.997 1185.38 4.36576 1.06143
  13 157.997 1197.51 4.41289 0.87599
  14 165.997 1128.45 4.15733 0.822864
  15 173.997 1194.77 4.40121 0.853341
  16 181.997 1121.87 4.13436 0.805761
  17 189.997 1184.36 4.36159 0.7732
  18 197.997 1068.94 3.93878 0.762517
  19 205.997 1220.4 4.49616 0.700234
  20 213.997 1040.35 3.83182 0.777418
  21 221.997 1176.06 4.3311 0.580584
  22 229.997 1127.58 4.15579 0.74599
  23 237.997 1024 3.77246 0.620299
  24 245.997 1024.12 3.77301 0.158964
  25 253.997 1192.35 4.39047 0.831402
  26 261.997 1111.53 4.09703 0.552492
  27 269.997 1024 3.77246 0.02242
  28 277.997 768 2.82935 0.0296787
  29 285.997 768.051 2.82954 0.00906421
320000 30 36096.1
  1 63.997 1407.37 5.18863 2.41709
  2 71.997 1415.09 5.21074 2.4052
  3 79.997 1436.57 5.29085 2.33442
  4 87.997 1434.47 5.28698 2.33377
  5 95.997 1428.19 5.26355 2.30134
  6 103.997 1428.53 5.26183 2.22445
  7 111.997 1433.79 5.27999 2.20647
  8 119.997 1431.5 5.2753 2.16048
  9 127.997 1423.45 5.24355 2.0988
  10 135.997 1387.76 5.11228 1.92916
  11 143.997 1342.25 4.94396 1.67694
  12 151.997 1255.6 4.62475 1.21092
  13 159.997 1133.37 4.1762 0.890257
  14 167.997 1213.74 4.46937 0.838556
  15 175.997 1109.12 4.08814 0.845035
  16 183.997 1215.04 4.47524 0.83867
  17 191.997 1097.13 4.04191 0.82181
  18 199.997 1205.76 4.44208 0.771916
  19 207.997 1058.34 3.90048 0.73444
  20 215.997 1192.89 4.39155 0.721227
  21 223.997 1086.06 4.00293 0.706487
  22 231.997 1117.02 4.11461 0.635856
  23 239.997 1186.98 4.37343 0.690239
  24 247.997 1024 3.77246 0.463164
  25 255.997 1024 3.77246 0.24702
  26 263.997 1143.35 4.21407 0.90415
  27 271.997 1158.26 4.2646 0.353301
  28 279.997 770.394 2.83873 0.0227417
  29 287.997 1024 3.77246 0.0264832
  30 295.997 512.077 1.88652 0.00377511
330000 30 36864
  1 65.997 1405.19 5.18197 2.45541
  2 73.997 1418.4 5.2235 2.33071
  3 81.997 1432.95 5.27664 2.34174
  4 89.997 1431.42 5.27643 2.36161
  5 97.997 1429.38 5.2667 2.29484
  6 105.997 1429.37 5.2662 2.28366
  7 113.997 1440.6 5.30244 2.22096
  8 121.997 1431.91 5.2779 2.18385
  9 129.997 1427.13 5.25605 2.14014
  10 137.997 1402.25 5.16726 1.99123
  11 145.997 1369.96 5.04687 1.80728
  12 153.997 1280.61 4.71463 1.40102
  13 161.997 1204.02 4.43707 0.956604
  14 169.997 1120.5 4.12746 0.843548
  15 177.997 1208.57 4.45202 0.843627
  16 185.997 1114.18 4.10559 0.83275
  17 193.997 1203.3 4.43136 0.865007
  18 201.997 1100.79 4.05524 0.816696
  19 209.997 1192.96 4.39888 0.777016
  20 217.997 1071.23 3.9431 0.691432
  21 225.997 1186.41 4.37605 0.737833
  22 233.997 1114.86 4.10253 0.615101
  23 241.997 1095.8 4.03897 0.705186
  24 249.997 1208.07 4.44858 0.636685
  25 257.997 1024.13 3.77296 0.283746
  26 265.997 1024 3.77246 0.448672
  27 273.997 1059.74 3.90689 0.874042
  28 281.997 988.257 3.63804 0.289811
  29 289.997 1024 3.77246 0.0242357
  30 297.997 1024 3.77246 0.0209067
340000 31 38016
  1 67.9972 1405.57 5.18031 2.42065
  2 75.9972 1421.11 5.23512 2.33497
  3 83.9972 1426.23 5.25273 2.36448
  4 91.9972 1431.6 5.27681 2.33458
  5 99.9972 1429.08 5.26534 2.31842
  6 107.997 1431.52 5.27607 2.28745
  7 115.997 1440.16 5.30034 2.25496
  8 123.997 1435.2 5.28933 2.21616
  9 131.997 1429.59 5.26656 2.13428
  10 139.997 1414.57 5.21194 2.06092
  11 147.997 1392.12 5.12871 1.86959
  12 155.997 1322.47 4.86906 1.59274
  13 163.997 1200.24 4.42175 1.1301
  14 171.997 1185.41 4.36699 0.869173
  15 179.997 1123.75 4.13907 0.826923
  16 187.997 1195.19 4.40503 0.851541
  17 195.997 1117.03 4.11277 0.837511
  18 203.997 1207.8 4.45305 0.865356
  19 211.997 1087.62 4.00534 0.80548
  20 219.997 1208.78 4.45018 0.754301
  21 227.997 1086.98 4.00695 0.693441
  22 235.997 1173.04 4.3173 0.720776
  23 243.997 1130.96 4.17075 0.550766
  24 251.997 1087.02 4.00331 0.721693
  25 259.997 1136.75 4.19016 0.60904
  26 267.997 1093.96 4.02795 0.173096
  27 275.997 997.003 3.67228 0.680981
  28 283.997 1061.27 3.91173 0.782824
  29 291.997 1024 3.77246 0.128389
  30 299.997 1024 3.77246 0.0254621
  31 307.997 896.026 3.301 0.0159057
350000 32 39040
  1 69.9981 1409.15 5.1957 2.40429
  2 77.9981 1414.9 5.21296 2.3801
  3 85.9981 1425.77 5.2505 2.36174
  4 93.9981 1427.03 5.25829 2.34138
  5 101.998 1431.21 5.27304 2.28425
  6 109.998 1433.95 5.28286 2.29696
  7 117.998 1441.72 5.30864 2.27719
  8 125.998 1440.42 5.30837 2.21838
  9 133.998 1430.91 5.27135 2.17382
  10 141.998 1424.66 5.24823 2.07833
  11 149.998 1401.72 5.16432 1.95328
  12 157.998 1351.84 4.97791 1.74366
  13 165.998 1255.63 4.62547 1.30351
  14 173.998 1164.3 4.28922 0.932245
  15 181.998 1169.8 4.31129 0.849719
  16 189.998 1137.27 4.18775 0.836577
  17 197.998 1187.63 4.3762 0.840648
  18 205.998 1119.04 4.12189 0.857838
  19 213.998 1204.1 4.43361 0.849677
  20 221.998 1097.88 4.04649 0.785492
  21 229.998 1198.8 4.41706 0.741486
  22 237.998 1104.27 4.06789 0.665126
  23 245.998 1157.02 4.26275 0.689115
  24 253.998 1104.14 4.06016 0.570461
  25 261.998 1066.85 3.9376 0.74564
  26 269.998 1051.07 3.87626 0.530549
  27 277.998 1011.92 3.72118 0.147659
  28 285.998 1197.79 4.42399 0.715433
  29 293.998 1091.22 4.01155 0.649119
  30 301.998 1024 3.77246 0.02488
  31 309.998 1024 3.77246 0.0271753
  32 317.998 640.026 2.35788 0.0109813
360000 33 40192.1
  1 71.9971 1407.07 5.18806 2.48986
  2 79.9971 1416.49 5.21722 2.3788
  3 87.9971 1420.23 5.2322 2.37329
  4 95.9971 1433.56 5.28085 2.32553
  5 103.997 1426.84 5.25882 2.31016
  6 111.997 1429.43 5.26465 2.2885
  7 119.997 1450.28 5.34042 2.24789
  8 127.997 1436.04 5.29211 2.22548
  9 135.997 1438.87 5.30192 2.20541
  10 143.997 1428.32 5.26114 2.10095
  11 151.997 1409.13 5.19152 2.01792
  12 159.997 1377.24 5.07269 1.86857
  13 167.997 1299.88 4.78742 1.4566
  14 175.997 1181.18 4.35123 1.02801
  15 183.997 1178.03 4.33932 0.89189
  16 191.997 1152.28 4.24405 0.85034
  17 199.997 1155.13 4.25682 0.83478
  18 207.997 1167.59 4.30105 0.853204
  19 215.997 1136.74 4.18801 0.840156
  20 223.997 1181.17 4.35273 0.84205
  21 231.997 1122.57 4.13457 0.776905
  22 239.997 1160.6 4.27561 0.735254
  23 247.997 1143.34 4.21221 0.660699
  24 255.997 1026.82 3.78154 0.656654
  25 263.997 1221.34 4.50303 0.565451
  26 271.997 1079.83 3.97594 0.717557
  27 279.997 1024 3.77246 0.443602
  28 287.997 1024.06 3.77272 0.149011
  29 295.997 1201.59 4.42172 0.80875
  30 303.997 1102.35 4.06606 0.444445
  31 311.997 1022.36 3.76589 0.0219037
  32 319.997 769.641 2.83592 0.0284874
  33 327.997 768.051 2.82954 0.00901806
370000 34 41216.1
  1 73.9985 1404.22 5.17793 2.40882
  2 81.9985 1415.95 5.21452 2.41536
  3 89.9985 1422.03 5.23766 2.38368
  4 97.9985 1431.76 5.27755 2.32726
  5 105.999 1424.35 5.24787 2.30782
  6 113.999 1433.56 5.28164 2.26988
  7 121.999 1445.4 5.32139 2.25653
  8 129.999 1442.12 5.31286 2.19772
  9 137.999 1440.42 5.30777 2.22034
  10 145.999 1429.82 5.2685 2.15741
  11 153.999 1419.18 5.22644 2.0762
  12 161.999 1396.2 5.14292 1.91815
  13 169.999 1336.52 4.92187 1.66926
  14 177.999 1222.16 4.50336 1.14222
  15 185.999 1151.78 4.24234 0.944338
  16 193.999 1192.22 4.39288 0.884062
  17 201.999 1135.65 4.18446 0.836835
  18 209.999 1176.31 4.33274 0.842551
  19 217.999 1142.08 4.20856 0.84623
  20 225.999 1162.29 4.28083 0.832787
  21 233.999 1159.13 4.27076 0.825948
  22 241.999 1144.87 4.21728 0.764543
  23 249.999 1137.24 4.1967 0.706932
  24 257.999 1166.75 4.29133 0.653331
  25 265.999 1025.29 3.77778 0.604906
  26 273.999 1180.16 4.34352 0.648498
  27 281.999 1122.55 4.13923 0.636198
  28 289.999 1024 3.77246 0.275394
  29 297.999 1024 3.77246 0.282322
  30 305.999 1151.74 4.24454 0.865121
  31 313.999 996.383 3.66858 0.297535
  32 321.999 923.872 3.40427 0.0224444
  33 329.999 1024 3.77246 0.0266392
  34 337.999 512.077 1.88652 0.0043333
380000 34 41984
  1 75.9968 1406.81 5.18579 2.42332
  2 83.9968 1406.82 5.18351 2.38913
  3 91.9968 1429.8 5.26495 2.38336
  4 99.9968 1424.84 5.25025 2.35253
  5 107.997 1431.89 5.27695 2.27344
  6 115.997 1429.27 5.26589 2.29211
  7 123.997 1450.38 5.34052 2.23104
  8 131.997 1435.62 5.28866 2.2229
  9 139.997 1437.08 5.29618 2.24921
  10 147.997 1438.91 5.30061 2.19312
  11 155.997 1428.98 5.26487 2.10023
  12 163.997 1409.3 5.19061 1.9793
  13 171.997 1361.63 5.01387 1.81983
  14 179.997 1240.89 4.57218 1.33416
  15 187.997 1205.42 4.43959 0.981534
  16 195.997 1136.57 4.18882 0.915023
  17 203.997 1207.72 4.44877 0.875783
  18 211.997 1117.51 4.11522 0.841816
  19 219.997 1199.99 4.42235 0.827227
  20 227.997 1128.78 4.15869 0.829704
  21 235.997 1175.7 4.33115 0.826488
  22 243.997 1144.64 4.21467 0.827073
  23 251.997 1159.42 4.27362 0.745509
  24 259.997 1112.85 4.09403 0.717938
  25 267.997 1190.04 4.39053 0.647667
  26 275.997 1025.11 3.77594 0.516285
  27 283.997 1153.98 4.25766 0.699156
  28 291.997 1150.02 4.23039 0.569646
  29 299.997 1024 3.77246 0.136097
  30 307.997 1023.93 3.77225 0.50397
  31 315.997 1024.07 3.77268 0.824898
  32 323.997 1024 3.77246 0.18846
  33 331.997 1024 3.77246 0.0237635
  34 339.997 1024 3.77246 0.0212898
390000 35 43136
  1 77.9984 1405.7 5.18091 2.41547
  2 85.9984 1409.82 5.19409 2.41351
  3 93.9984 1418.46 5.2241 2.37162
  4 101.998 1437.07 5.29705 2.35211
  5 109.998 1425.66 5.25249 2.3048
  6 117.998 1433.5 5.28183 2.24453
  7 125.998 1447.67 5.32907 2.25191
  8 133.998 1434.95 5.2866 2.25912
  9 141.998 1435.82 5.29126 2.23605
  10 149.998 1443.73 5.31972 2.19558
  11 157.998 1431.86 5.2758 2.13091
  12 165.998 1417.29 5.22009 2.07966
  13 173.998 1395.16 5.13847 1.89571
  14 181.998 1283.94 4.72802 1.50255
  15 189.998 1184.3 4.3635 1.07955
  16 197.998 1203.56 4.43436 0.924437
  17 205.998 1127.89 4.15435 0.908368
  18 213.998 1214.86 4.47524 0.87372
  19 221.998 1116.02 4.1123 0.834972
  20 229.998 1204.65 4.43836 0.834432
  21 237.998 1114.95 4.10565 0.824134
  22 245.998 1196.03 4.40818 0.827717
  23 253.998 1121.76 4.13407 0.79681
  24 261.998 1182.51 4.3546 0.750203
  25 269.998 1091.26 4.02555 0.706937
  26 277.998 1183.51 4.34428 0.602816
  27 285.998 1054.07 3.89385 0.51733
  28 293.998 1128.59 4.13979 0.691356
  29 301.998 1164.97 4.31142 0.484383
  30 309.998 961.123 3.53286 0.0748132
  31 317.998 1079.08 3.97953 0.643621
  32 325.998 1042.24 3.84183 0.743177
  33 333.998 1024 3.77246 0.0508668
  34 341.998 1024 3.77246 0.0257918
  35 349.998 896.026 3.301 0.0156222
400000 36 44160
  1 79.998 1404.68 5.17844 2.41116
  2 87.998 1406.66 5.17936 2.41148
  3 95.998 1421.81 5.23733 2.3827
  4 103.998 1436.71 5.29715 2.31126
  5 111.998 1428.21 5.26184 2.32913
  6 119.998 1430.86 5.27065 2.28616
  7 127.998 1443.77 5.31616 2.26327
  8 135.998 1438.29 5.29935 2.24923
  9 143.998 1434.28 5.28688 2.21896
  10 151.998 1447.81 5.33259 2.19184
  11 159.998 1430.48 5.27125 2.19545
  12 167.998 1431.13 5.27018 2.07276
  13 175.998 1399.43 5.15396 1.98116
  14 183.998 1335.3 4.91844 1.68386
  15 191.998 1222.09 4.50236 1.21485
  16 199.998 1166.55 4.29743 0.974348
  17 207.998 1192.12 4.39141 0.897872
  18 215.998 1132.58 4.17275 0.894234
  19 223.998 1210.39 4.46 0.877694
  20 231.998 1111.28 4.09413 0.833579
  21 239.998 1216.23 4.47807 0.810768
  22 247.998 1104.64 4.07408 0.828285
  23 255.998 1213.37 4.46573 0.80231
  24 263.998 1094.09 4.0319 0.832706
  25 271.998 1213.06 4.46999 0.707003
  26 279.998 1037.79 3.81753 0.725451
  27 287.998 1215.93 4.48538 0.504192
  28 295.998 1076.46 3.96503 0.611676
  29 303.998 1068.53 3.93746 0.68626
  30 311.998 981.304 3.61354 0.381674
  31 319.998 1056.75 3.89063 0.0948521
  32 327.998 1187.64 4.38438 0.743425
  33 335.998 1081.78 3.97945 0.511929
  34 343.998 1024 3.77246 0.0227184
  35 351.998 1024 3.77246 0.0276436
  36 359.998 640.026 2.35788 0.0110594
410000 37 45312.1
  1 81.9979 1404.25 5.17841 2.4237
  2 89.9979 1405.15 5.17567 2.40252
  3 97.9979 1423.18 5.24085 2.37259
  4 105.998 1436.43 5.29424 2.32565
  5 113.998 1425.22 5.2505 2.2778
  6 121.998 1432.97 5.27943 2.3526
  7 129.998 1441.54 5.30646 2.2562
  8 137.998 1437.92 5.29929 2.25206
  9 145.998 1435.23 5.28893 2.20417
  10 153.998 1444.98 5.32288 2.19637
  11 161.998 1436.7 5.29518 2.20022
  12 169.998 1438.23 5.297 2.10738
  13 177.998 1418.36 5.22172 2.02844
  14 185.998 1354.17 4.99126 1.84682
  15 193.998 1259.88 4.63865 1.39474
  16 201.998 1189.18 4.38017 1.02943
  17 209.998 1169.93 4.311 0.922183
  18 217.998 1181.46 4.35225 0.888932
  19 225.998 1131.11 4.16748 0.901459
  20 233.998 1213.36 4.46882 0.855979
  21 241.998 1109.05 4.08664 0.825429
  22 249.998 1218.98 4.49292 0.813663
  23 257.998 1100.17 4.04609 0.823177
  24 265.998 1213.85 4.47708 0.810044
  25 273.998 1102.58 4.06425 0.800146
  26 281.998 1188.92 4.3754 0.718007
  27 289.998 1063.64 3.92137 0.686909
  28 297.998 1101.71 4.05687 0.517343
  29 305.998 1193.9 4.40255 0.587237
  30 313.998 1027.96 3.78405 0.662663
  31 321.998 1024 3.77246 0.201799
  32 329.998 1024.5 3.77467 0.193906
  33 337.998 1208.13 4.43992 0.791454
  34 345.998 1095.37 4.04592 0.334325
  35 353.998 833.332 3.06874 0.0227084
  36 361.998 958.668 3.53308 0.0278652
  37 369.998 768.051 2.82954 0.00909753
420000 38 46336.1
  1 83.997 1406.12 5.18523 2.42735
  2 91.997 1406.08 5.17897 2.41483
  3 99.997 1421.65 5.2355 2.34255
  4 107.997 1433.91 5.28189 2.33034
  5 115.997 1420.54 5.23506 2.3451
  6 123.997 1430.42 5.27219 2.28749
  7 131.997 1446.88 5.32563 2.29673
  8 139.997 1441.52 5.3123 2.24546
  9 147.997 1437.29 5.29644 2.2405
  10 155.997 1441.25 5.30893 2.16475
  11 163.997 1439.38 5.30494 2.17875
  12 171.997 1440.37 5.30595 2.16369
  13 179.997 1424.04 5.24197 2.12632
  14 187.997 1376.67 5.07459 1.92474
  15 195.997 1298.77 4.78104 1.56248
  16 203.997 1226.83 4.51915 1.10068
  17 211.997 1160.86 4.2778 0.967053
  18 219.997 1178.95 4.34301 0.909659
  19 227.997 1168.59 4.30488 0.876033
  20 235.997 1139.05 4.19587 0.880993
  21 243.997 1201.21 4.42639 0.863166
  22 251.997 1115.16 4.10829 0.824636
  23 259.997 1200.94 4.42275 0.820123
  24 267.997 1115.8 4.11387 0.81048
  25 275.997 1196.28 4.40415 0.825639
  26 283.997 1097.09 4.04142 0.777321
  27 291.997 1206.19 4.4513 0.709615
  28 299.997 1080.15 3.97301 0.644612
  29 307.997 1062.75 3.9304 0.412198
  30 315.997 1196.34 4.38833 0.677549
  31 323.997 1068.91 3.94178 0.564191
  32 331.997 1024 3.77246 0.0754102
  33 339.997 1024 3.77246 0.373838
  34 347.997 1176.37 4.3349 0.755344
  35 355.997 871.716 3.21043 0.263423
  36 363.997 1023.91 3.77206 0.0221476
  37 371.997 1024 3.77246 0.0265183
  38 379.997 512.077 1.88652 0.00430609
430000 38 47104
  1 85.9983 1403.67 5.17548 2.42895
  2 93.9983 1408.63 5.18719 2.42093
  3 101.998 1425.2 5.24958 2.33642
  4 109.998 1428.32 5.26478 2.34572
  5 117.998 1417.95 5.2236 2.34724
  6 125.998 1433.25 5.28009 2.30657
  7 133.998 1439.41 5.30001 2.2604
  8 141.998 1451.3 5.35013 2.27109
  9 149.998 1434.84 5.28538 2.23324
  10 157.998 1446.08 5.32486 2.16661
  11 165.998 1439.25 5.30545 2.16902
  12 173.998 1435.4 5.28765 2.20457
  13 181.998 1431.87 5.27241 2.16691
  14 189.998 1401.53 5.16443 2.01853
  15 197.998 1328.09 4.89029 1.74158
  16 205.998 1240.4 4.56866 1.24882
  17 213.998 1201.21 4.42675 0.96605
  18 221.998 1154.85 4.25404 0.924827
  19 229.998 1188.89 4.38041 0.907961
  20 237.998 1150.65 4.23887 0.882107
  21 245.998 1155.31 4.25631 0.883545
  22 253.998 1183.13 4.35756 0.858383
  23 261.998 1122.34 4.13526 0.825419
  24 269.998 1198.52 4.41922 0.807792
  25 277.998 1106.93 4.07419 0.818335
  26 285.998 1214.34 4.47483 0.787607
  27 293.998 1087.76 4.00751 0.792621
  28 301.998 1208.29 4.44495 0.689477
  29 309.998 1094.58 4.03821 0.568089
  30 317.998 1032.68 3.80106 0.421158
  31 325.998 1198.71 4.42479 0.702211
  32 333.998 1096.61 4.03466 0.414606
  33 341.998 1024 3.77246 0.0404178
  34 349.998 1024 3.77246 0.620152
  35 357.998 1024 3.77246 0.708118
  36 365.998 1024 3.77246 0.11431
  37 373.998 1024 3.77246 0.025232
  38 381.998 1024 3.77246 0.0206963
440000 39 48256
  1 87.9971 1399.94 5.16312 2.43317
  2 95.9971 1415.47 5.20938 2.40883
  3 103.997 1422.3 5.24169 2.39068
  4 111.997 1423.6 5.24537 2.37716
  5 119.997 1419.47 5.2293 2.31421
  6 127.997 1431.86 5.27687 2.30314
  7 135.997 1443.6 5.31399 2.2546
  8 143.997 1444.42 5.32217 2.2187
  9 151.997 1443.48 5.31918 2.25335
  10 159.997 1446.54 5.32744 2.17533
  11 167.997 1433.73 5.28526 2.20278
  12 175.997 1436.78 5.2923 2.15797
  13 183.997 1437.23 5.29209 2.18109
  14 191.997 1408.2 5.18778 2.11242
  15 199.997 1365.19 5.02482 1.8865
  16 207.997 1286.4 4.74165 1.41602
  17 215.997 1179.94 4.34905 1.02056
  18 223.997 1201.19 4.42487 0.937597
  19 231.997 1142.55 4.20761 0.920196
  20 239.997 1206.55 4.44702 0.891505
  21 247.997 1136.77 4.18893 0.878602
  22 255.997 1170.77 4.31158 0.883689
  23 263.997 1169.46 4.31004 0.839914
  24 271.997 1134.69 4.17869 0.834954
  25 279.997 1184.54 4.36076 0.802413
  26 287.997 1120.09 4.12949 0.796503
  27 295.997 1195.5 4.40352 0.796603
  28 303.997 1107.87 4.08208 0.731786
  29 311.997 1189.15 4.38416 0.69438
  30 319.997 1114.7 4.10345 0.459482
  31 327.997 1024 3.77246 0.493994
  32 335.997 1193.58 4.39253 0.690877
  33 343.997 1110.42 4.09551 0.273023
  34 351.997 855.961 3.1544 0.14935
  35 359.997 1192.02 4.39046 0.623428
  36 367.997 1024.02 3.77254 0.580239
  37 375.997 1024 3.77246 0.0240044
  38 383.997 1024 3.77246 0.0252994
  39 391.997 896.026 3.301 0.0154244
450000 40 49280
  1 89.9974 1399.46 5.16144 2.443
  2 97.9974 1413.46 5.20565 2.43758
  3 105.997 1419.83 5.228 2.40421
  4 113.997 1428.04 5.26193 2.38652
  5 121.997 1417.09 5.22139 2.312
  6 129.997 1433.52 5.28169 2.26733
  7 137.997 1443.93 5.31765 2.26156
  8 145.997 1445.32 5.32531 2.21702
  9 153.997 1442.73 5.31561 2.20268
  10 161.997 1445.02 5.32176 2.23184
  11 169.997 1439.95 5.30786 2.22988
  12 177.997 1433.65 5.28219 2.15005
  13 185.997 1436.45 5.28809 2.16399
  14 193.997 1412.35 5.20215 2.13425
  15 201.997 1389.64 5.11377 1.96411
  16 209.997 1325.92 4.8894 1.62165
  17 217.997 1223.13 4.50684 1.19769
  18 225.997 1154.25 4.25296 0.933999
  19 233.997 1206.1 4.44267 0.906813
  20 241.997 1139.19 4.19747 0.910128
  21 249.997 1209.98 4.45644 0.898859
  22 257.997 1130 4.16301 0.874244
  23 265.997 1186.85 4.37333 0.877571
  24 273.997 1148.32 4.22803 0.846315
  25 281.997 1155.83 4.26047 0.817446
  26 289.997 1166.29 4.30014 0.786913
  27 297.997 1137.72 4.18792 0.784186
  28 305.997 1172.29 4.32039 0.774513
  29 313.997 1131.7 4.16764 0.727784
  30 321.997 1156.43 4.25771 0.68612
  31 329.997 1147.49 4.23012 0.405848
  32 337.997 1024.07 3.77268 0.49154
  33 345.997 1185.47 4.37005 0.654322
  34 353.997 862.616 3.17513 0.229537
  35 361.997 1092.79 4.02123 0.17217
  36 369.997 1193.96 4.40746 0.763087
  37 377.997 1041.16 3.83157 0.337682
  38 385.997 1024 3.77246 0.0216669
  39 393.997 772.935 2.8477 0.0276469
  40 401.997 891.091 3.28265 0.0152868
460000 41 50432.1
  1 91.9972 1402.14 5.16879 2.43716
  2 99.9972 1405.77 5.17743 2.45213
  3 107.997 1421.88 5.23794 2.38961
  4 115.997 1426.2 5.2537 2.39523
  5 123.997 1420.96 5.23688 2.31277
  6 131.997 1435.7 5.29106 2.25772
  7 139.997 1445.55 5.32207 2.22848
  8 147.997 1448.6 5.33781 2.22286
  9 155.997 1436.61 5.29332 2.2052
  10 163.997 1437.76 5.29533 2.21457
  11 171.997 1446.91 5.33394 2.24806
  12 179.997 1437.54 5.29462 2.19718
  13 187.997 1432.8 5.2749 2.19669
  14 195.997 1420.15 5.23125 2.0985
  15 203.997 1400.14 5.15418 2.01763
  16 211.997 1352.88 4.9875 1.84823
  17 219.997 1268.4 4.67405 1.37331
  18 227.997 1184.25 4.36209 0.984481
  19 235.997 1149.55 4.23562 0.895901
  20 243.997 1198.48 4.41561 0.915861
  21 251.997 1137.95 4.19019 0.89926
  22 259.997 1215.15 4.47938 0.893996
  23 267.997 1124.49 4.14315 0.870011
  24 275.997 1204.14 4.43405 0.876821
  25 283.997 1132.91 4.17574 0.829441
  26 291.997 1173.09 4.32009 0.798244
  27 299.997 1149.54 4.2314 0.777299
  28 307.997 1154.46 4.25664 0.757215
  29 315.997 1164.3 4.2877 0.771227
  30 323.997 1139.7 4.20035 0.70864
  31 331.997 1137.73 4.20309 0.618418
  32 339.997 1099.62 4.03888 0.431911
  33 347.997 1090.65 4.01853 0.568704
  34 355.997 1024 3.77246 0.652587
  35 363.997 1024 3.77246 0.079356
  36 371.997 1058.54 3.90182 0.321736
  37 379.997 1189.84 4.37522 0.75819
  38 387.997 1079.62 3.98347 0.166979
  39 395.997 768.143 2.82998 0.0234717
  40 403.997 1023.86 3.77183 0.0273725
  41 411.997 768.051 2.82954 0.00914039
470000 42 51456.1
  1 93.9971 1394.9 5.14248 2.50629
  2 101.997 1410 5.19216 2.43274
  3 109.997 1420.32 5.23451 2.4091
  4 117.997 1430.81 5.26892 2.37939
  5 125.997 1419.7 5.23131 2.31076
  6 133.997 1438.32 5.30197 2.26329
  7 141.997 1446.49 5.32364 2.20938
  8 149.997 1448.75 5.34048 2.20669
  9 157.997 1432.8 5.27993 2.24985
  10 165.997 1439.78 5.3036 2.16821
  11 173.997 1440.15 5.30626 2.23694
  12 181.997 1438.36 5.29966 2.27534
  13 189.997 1440.3 5.30127 2.17521
  14 197.997 1425.07 5.24797 2.14181
  15 205.997 1401.59 5.16183 2.07613
  16 213.997 1383.79 5.10073 1.90465
  17 221.997 1297.46 4.77963 1.57741
  18 229.997 1216.57 4.48311 1.08936
  19 237.997 1164 4.28823 0.920287
  20 245.997 1159.25 4.27041 0.888867
  21 253.997 1189.99 4.38433 0.900555
  22 261.997 1134.71 4.18255 0.903946
  23 269.997 1218.61 4.4859 0.876674
  24 277.997 1124.59 4.1428 0.868899
  25 285.997 1215.51 4.47974 0.853214
  26 293.997 1125.53 4.14503 0.812766
  27 301.997 1182.63 4.35775 0.783889
  28 309.997 1140.43 4.20384 0.755155
  29 317.997 1163.56 4.28416 0.776373
  30 325.997 1141.97 4.20655 0.75219
  31 333.997 1162.05 4.2816 0.701243
  32 341.997 1024.41 3.77393 0.622123
  33 349.997 1135.8 4.19109 0.450815
  34 357.997 1167.79 4.2955 0.59193
  35 365.997 1024 3.77246 0.454379
  36 373.997 1024 3.77246 0.042389
  37 381.997 1024 3.77246 0.523002
  38 389.997 1215.57 4.4793 0.605392
  39 397.997 832.431 3.06563 0.144286
  40 405.997 1024 3.77246 0.0228072
  41 413.997 1024 3.77246 0.0265901
  42 421.997 512.077 1.88652 0.00411989
480000 42 52224
  1 95.9969 1390.11 5.12756 2.43897
  2 103.997 1409.34 5.18763 2.46662
  3 111.997 1424.63 5.24792 2.4032
  4 119.997 1435.56 5.28923 2.34472
  5 127.997 1422.04 5.24028 2.29578
  6 135.997 1438.66 5.30053 2.25049
  7 143.997 1442.74 5.31225 2.20902
  8 151.997 1447.28 5.33342 2.24922
  9 159.997 1432.97 5.27985 2.21352
  10 167.997 1444.32 5.31928 2.19729
  11 175.997 1427.11 5.26144 2.2475
  12 183.997 1440.77 5.30736 2.208
  13 191.997 1445.74 5.32197 2.22363
  14 199.997 1424.51 5.24526 2.22067
  15 207.997 1414.61 5.2118 2.07744
  16 215.997 1396.73 5.14735 1.98157
  17 223.997 1336.58 4.9244 1.70585
  18 231.997 1228.29 4.52584 1.25837
  19 239.997 1204.27 4.43513 0.958371
  20 247.997 1148.2 4.22934 0.900295
  21 255.997 1173.47 4.32413 0.880509
  22 263.997 1178.18 4.34032 0.900321
  23 271.997 1136.51 4.18551 0.89181
  24 279.997 1215.12 4.479 0.873592
  25 287.997 1130.49 4.16491 0.844663
  26 295.997 1210.2 4.45601 0.856626
  27 303.997 1120.18 4.12775 0.803392
  28 311.997 1200.27 4.42253 0.767606
  29 319.997 1106.63 4.0743 0.772981
  30 327.997 1197.83 4.41571 0.760956
  31 335.997 1111.71 4.09439 0.726932
  32 343.997 1192.93 4.39552 0.696801
  33 351.997 1024.01 3.77248 0.559412
  34 359.997 1123.73 4.13554 0.450333
  35 367.997 1180.12 4.35202 0.661343
  36 375.997 1024.16 3.77295 0.239899
  37 383.997 1024 3.77246 0.0919551
  38 391.997 1024 3.77249 0.662291
  39 399.997 1024 3.77244 0.599872
  40 407.997 1024 3.77246 0.0263408
  41 415.997 1024 3.77246 0.0252108
  42 423.997 1024 3.77246 0.0208238
490000 43 53248
  1 97.9973 1388.49 5.12231 2.45505
  2 105.997 1406.05 5.17419 2.41806
  3 113.997 1426.64 5.25613 2.41327
  4 121.997 1436.91 5.29439 2.35791
  5 129.997 1426.27 5.25455 2.27715
  6 137.997 1437.62 5.29726 2.24403
  7 145.997 1444.39 5.31951 2.23867
  8 153.997 1445.21 5.32631 2.20776
  9 161.997 1429.74 5.26652 2.22869
  10 169.997 1436.88 5.29336 2.22521
  11 177.997 1439.85 5.30582 2.21544
  12 185.997 1436.31 5.29162 2.21132
  13 193.997 1441.9 5.30837 2.2337
  14 201.997 1431.34 5.27044 2.20668
  15 209.997 1417.26 5.22248 2.16847
  16 217.997 1407.63 5.18621 2.01683
  17 225.997 1365.28 5.02938 1.82943
  18 233.997 1281.16 4.72024 1.42982
  19 241.997 1171.13 4.31388 1.0313
  20 249.997 1211.15 4.46294 0.914926
  21 257.997 1140.71 4.20278 0.884194
  22 265.997 1185.73 4.36768 0.880974
  23 273.997 1163.05 4.28537 0.88998
  24 281.997 1145.64 4.22021 0.888379
  25 289.997 1208.7 4.45293 0.857663
  26 297.997 1123.4 4.13663 0.838228
  27 305.997 1225.72 4.51862 0.828429
  28 313.997 1105.88 4.07565 0.800146
  29 321.997 1215.75 4.47446 0.767151
  30 329.997 1094.89 4.04303 0.760827
  31 337.997 1207.04 4.4355 0.750699
  32 345.997 1102.62 4.06756 0.759519
  33 353.997 1203.68 4.43262 0.7
  34 361.997 1027.98 3.78706 0.475453
  35 369.997 1092.28 4.02604 0.499616
  36 377.997 1179.91 4.34299 0.609663
  37 385.997 1055.81 3.89148 0.104772
  38 393.997 883.757 3.25675 0.238455
  39 401.997 1164.24 4.28818 0.683439
  40 409.997 1024 3.77246 0.347101
  41 417.997 1024 3.77246 0.0231534
  42 425.997 1024 3.77246 0.0264288
  43 433.997 768 2.82935 0.0180022
500000 44 54400
  1 99.9971 1388.09 5.11695 2.41119
  2 107.997 1406.62 5.18146 2.39237
  3 115.997 1427.53 5.25894 2.35781
  4 123.997 1438.08 5.29726 2.37399
  5 131.997 1430.59 5.27254 2.28328
  6 139.997 1431.39 5.27308 2.25521
  7 147.997 1448.78 5.33508 2.21401
  8 155.997 1440.99 5.30798 2.23573
  9 163.997 1429.82 5.27108 2.23503
  10 171.997 1437.33 5.29286 2.1865
  11 179.997 1435.21 5.28933 2.23669
  12 187.997 1435.45 5.28897 2.25003
  13 195.997 1441.13 5.30616 2.19282
  14 203.997 1435.62 5.28613 2.18449
  15 211.997 1423.65 5.24424 2.21495
  16 219.997 1417.03 5.22178 2.07419
  17 227.997 1378.03 5.0764 1.93217
  18 235.997 1313.93 4.8432 1.61438
  19 243.997 1235.26 4.54878 1.12675
  20 251.997 1141.55 4.20563 0.927763
  21 259.997 1218.51 4.48842 0.889202
  22 267.997 1130.49 4.16512 0.885073
  23 275.997 1202.19 4.42954 0.867674
  24 283.997 1156 4.25968 0.885177
  25 291.997 1149.65 4.23411 0.881339
  26 299.997 1205.15 4.43897 0.835758
  27 307.997 1123.42 4.14206 0.837875
  28 315.997 1212.7 4.46362 0.832651
  29 323.997 1117.19 4.11424 0.784757
  30 331.997 1207.15 4.45379 0.786152
  31 339.997 1092.17 4.01291 0.738627
  32 347.997 1213.24 4.48118 0.756586
  33 355.997 1094.58 4.02535 0.765165
  34 363.997 1176.39 4.34226 0.677619
  35 371.997 1077.1 3.96248 0.424873
  36 379.997 1040.91 3.83647 0.602326
  37 387.997 1213.69 4.47274 0.453868
  38 395.997 817.397 3.00819 0.0599845
  39 403.997 1134.09 4.17737 0.297403
  40 411.997 1169.91 4.31067 0.70955
  41 419.997 1024 3.77246 0.174125
  42 427.997 1024 3.77246 0.0222878
  43 435.997 768 2.82935 0.0270077
  44 443.997 896.026 3.301 0.015607